1,278009630,278009631
2,278009631,278009632
3,278009631,1030974704
4,278009632,278009633
5,278009633,1540878846
6,278009633,1540934773
7,278009636,1030974506
8,278009636,1030975335
9,278009637,360201326
10,278009637,1540878873
11,278009638,1540934710
12,278009641,1540934711
13,278009643,278009644
14,278009643,1030689412
15,278009644,1540881851
16,278009644,1540934715
17,278009645,1540934716
18,360193341,1540811947
19,360193341,1540878016
20,360193613,1030323792
21,360193613,1540812075
22,360201319,360202166
23,360201321,1540812010
24,360201323,1030974504
25,360201323,1030975228
26,360201324,1030975482
27,360201324,1030975489
28,360201326,1540934709
29,360201490,1540878856
30,360201847,1030323795
31,360201847,1540812023
32,360201850,360203947
33,360201910,360201911
34,360201911,360203708
35,360201911,1540812026
36,360201912,360203788
37,360201919,1030974515
38,360201942,360201943
39,360201942,360202111
40,360201943,1030975238
41,360201943,1030975397
42,360201944,1540812027
43,360202039,1030975352
44,360202111,1030974544
45,360202117,360201321
46,360202117,1540812029
47,360202135,360202117
48,360202137,360202111
49,360202137,360202814
50,360202146,360202135
51,360202152,360202146
52,360202152,360202166
53,360202166,360201321
54,360202278,360203626
55,360202278,1540812025
56,360202618,360202278
57,360202618,360203784
58,360202814,360202146
59,360203626,360201942
60,360203626,360203654
61,360203654,360202137
62,360203708,360201919
63,360203708,1540812044
64,360203784,360203785
65,360203785,360201910
66,360203785,360203786
67,360203786,360203787
68,360203787,360203788
69,360203788,1030323833
70,360203835,360203784
71,360203835,360203947
72,360203933,1030323861
73,360203933,1060029297
74,360203940,360203943
75,360203940,1030323825
76,360203943,360203786
77,360203943,360203835
78,360203947,1030323851
79,716888902,1030328458
80,952161183,1030688867
81,952161183,1030689651
82,952161496,278009630
83,952161635,952161380
84,952161635,952161496
85,952161861,952161183
86,952161861,1540869664
87,1030313077,1030313208
88,1030313082,1030313183
89,1030313082,1030313192
90,1030313087,1030313138
91,1030313087,1030323803
92,1030313089,1030323711
93,1030313089,1030323718
94,1030313102,1030313220
95,1030313102,1540878043
96,1030313138,1540878032
97,1030313138,1540934719
98,1030313142,1030313259
99,1030313142,1540878021
100,1030313144,1540878033
101,1030313148,1030313163
102,1030313148,1540878041
103,1030313153,278009648
104,1030313153,1540878053
105,1030313163,1030323784
106,1030313163,1540878001
107,1030313166,1540878037
108,1030313169,278009645
109,1030313169,1030313259
110,1030313183,1030313214
111,1030313183,1030313220
112,1030313192,1030313245
113,1030313199,1540878019
114,1030313199,1540934717
115,1030313208,1030323815
116,1030313208,1540905607
117,1030313214,1540878046
118,1030313219,1030313087
119,1030313219,1540878034
120,1030313220,1030313089
121,1030313220,1540877999
122,1030313245,1540878048
123,1030313259,1030328829
124,1030313263,1030323827
125,1030313287,1030323707
126,1030323707,1030313166
127,1030323711,1030313263
128,1030323711,1030323852
129,1030323715,1030323856
130,1030323718,1030323802
131,1030323718,1030323852
132,1030323719,1030323821
133,1030323720,1540878058
134,1030323723,1030323736
135,1030323724,1030323759
136,1030323724,1540878060
137,1030323728,1030323822
138,1030323728,1030323827
139,1030323733,1540812061
140,1030323736,1030323715
141,1030323736,1030323813
142,1030323745,1030323859
143,1030323759,1030323800
144,1030323761,1030323736
145,1030323761,1030323795
146,1030323769,1030323733
147,1030323769,1030323778
148,1030323778,1030323733
149,1030323784,1030313263
150,1030323784,1540878055
151,1030323789,1030323794
152,1030323792,1540878073
153,1030323794,1030323769
154,1030323794,1030323859
155,1030323795,1030323715
156,1030323797,1030313089
157,1030323800,1540878068
158,1030323802,1030323846
159,1030323803,1540812064
160,1030323806,1540812062
161,1030323806,1540878030
162,1030323807,1030323838
163,1030323807,1540878026
164,1030323810,1030323720
165,1030323810,1030323812
166,1030323812,1540878070
167,1030323813,1030323728
168,1030323813,1030323856
169,1030323815,1030323797
170,1030323815,1540878022
171,1030323821,1540878067
172,1030323821,1540881850
173,1030323822,1030323745
174,1030323825,360203787
175,1030323825,1030323701
176,1030323827,1030323745
177,1030323827,1030323789
178,1030323833,360203933
179,1030323833,1030323810
180,1030323838,1030323718
181,1030323838,1030323797
182,1030323840,1030323719
183,1030323840,1030323759
184,1030323846,1030323723
185,1030323846,1030323813
186,1030323851,360202618
187,1030323852,1030323728
188,1030323852,1030323846
189,1030323854,1030323719
190,1030323856,1030323822
191,1030323859,1540812056
192,1030323861,360203940
193,1030323861,1540878084
194,1030323863,1030313287
195,1030323863,1030323789
196,1030328458,1030328578
197,1030328458,1540878234
198,1030328471,1540878295
199,1030328471,1540878497
200,1030328498,1030328458
201,1030328498,1540905598
202,1030328503,1030328658
203,1030328503,1540878430
204,1030328558,1030329099
205,1030328578,1540878309
206,1030328616,1540878095
207,1030328616,1540878201
208,1030328658,1540878091
209,1030328658,1540878454
210,1030328733,1540878287
211,1030328807,1540878292
212,1030328829,1540878303
213,1030329080,1540856548
214,1030329080,1540878227
215,1030329097,1540878297
216,1030329099,716888902
217,1030329099,1030328498
218,1030329177,1030328503
219,1030329188,1540878307
220,1030334624,1540878323
221,1030688859,278009636
222,1030688861,1030689545
223,1030688867,1030689913
224,1030688867,1540869752
225,1030688899,1030328807
226,1030688899,1540878627
227,1030688975,1030689148
228,1030688975,1030690020
229,1030689019,1540905590
230,1030689032,1540878558
231,1030689113,1030329080
232,1030689113,1030689032
233,1030689148,1540878567
234,1030689412,1030689874
235,1030689412,1030690015
236,1030689442,1540878543
237,1030689442,1540878569
238,1030689466,1030688859
239,1030689466,1540878923
240,1030689513,1030689651
241,1030689513,1030689731
242,1030689545,1030690015
243,1030689545,1540905594
244,1030689586,278009641
245,1030689586,1540878579
246,1030689651,1030689466
247,1030689697,278009638
248,1030689731,1030688867
249,1030689750,1030690020
250,1030689750,1540878564
251,1030689874,1540905596
252,1030689913,952161861
253,1030690015,1030689586
254,1030690015,1540878498
255,1030690020,278009638
256,1030690020,1030689513
257,1030690034,1540878562
258,1030690034,1540878608
259,1030690067,1540869663
260,1030690067,1540878086
261,1030690067,1540878222
262,1030974504,360201324
263,1030974504,1030975309
264,1030974506,1030689466
265,1030974506,1030689513
266,1030974513,1030974515
267,1030974513,1030975348
268,1030974515,1030974873
269,1030974517,1540878858
270,1030974517,1540878912
271,1030974544,360202135
272,1030974544,1030975386
273,1030974558,1540878905
274,1030974564,1030975224
275,1030974568,1030974504
276,1030974620,1030689697
277,1030974620,1030974932
278,1030974629,1030974513
279,1030974629,1030974568
280,1030974633,1030974945
281,1030974670,1030975352
282,1030974704,1540878898
283,1030974758,1030974620
284,1030974758,1030974988
285,1030974762,278009632
286,1030974762,1030975149
287,1030974801,1030974670
288,1030974801,1030975670
289,1030974873,360201944
290,1030974873,1030975348
291,1030974932,1540812011
292,1030974945,1030974801
293,1030974945,1030974989
294,1030974988,1540878919
295,1030974989,1030974517
296,1030974989,1030975081
297,1030975075,1030975552
298,1030975081,1030974517
299,1030975145,1030975489
300,1030975145,1540878918
301,1030975149,1030974633
302,1030975149,1540878911
303,1030975224,1540878869
304,1030975228,360202039
305,1030975238,1030974629
306,1030975238,1030975386
307,1030975309,1030974670
308,1030975309,1030975228
309,1030975335,278009637
310,1030975335,1540878850
311,1030975348,1030974758
312,1030975348,1030974988
313,1030975352,1030974945
314,1030975386,1030975591
315,1030975397,360201919
316,1030975397,1030974629
317,1030975434,1540878848
318,1030975434,1540878854
319,1030975482,1030974932
320,1030975482,1540878915
321,1030975489,1030974513
322,1030975489,1030974568
323,1030975552,1030975482
324,1030975552,1030975670
325,1030975591,360201323
326,1030975623,1030974801
327,1030975623,1540878913
328,1030975670,360201324
329,1030975670,1030975309
330,1060029297,1030323840
331,1060029297,1540846640
332,1540812010,360201323
333,1540812011,360201326
334,1540812015,360201490
335,1540812023,1540812024
336,1540812024,360201850
337,1540812025,360201910
338,1540812026,360201912
339,1540812027,1540812028
340,1540812028,278009641
341,1540812029,1030975591
342,1540812030,360202278
343,1540812034,360202814
344,1540812044,360203626
345,1540812056,1540812057
346,1540812057,1540812058
347,1540812058,1540812059
348,1540812059,1540812060
349,1540812060,1030323778
350,1540812061,1030323806
351,1540812062,1540812063
352,1540812063,1030323803
353,1540812064,278009645
354,1540812075,1540812076
355,1540846640,1030323854
356,1540856548,1540856549
357,1540856549,1540856550
358,1540856550,1540856551
359,1540856551,1540856552
360,1540856552,1030329099
361,1540869663,1030689913
362,1540869664,1540869665
363,1540869749,1540869750
364,1540869750,1540869751
365,1540869751,952161183
366,1540869752,1030690067
367,1540877999,1540878000
368,1540878000,1030313163
369,1540878001,1030313287
370,1540878016,1540878017
371,1540878017,1540878018
372,1540878018,1030313077
373,1540878019,1540878020
374,1540878020,1030313142
375,1540878021,1030313271
376,1540878022,1540878023
377,1540878023,1540878024
378,1540878024,1540878025
379,1540878025,1030323807
380,1540878026,360193613
381,1540878030,1030323707
382,1540878032,1030313271
383,1540878033,1030313219
384,1540878034,1540878035
385,1540878035,1540878036
386,1540878036,1030313166
387,1540878037,1540878038
388,1540878038,1540878039
389,1540878039,1540878040
390,1540878040,1030313148
391,1540878041,1540878042
392,1540878042,1030313102
393,1540878043,1540878044
394,1540878044,1540878045
395,1540878045,1030313214
396,1540878046,1540878047
397,1540878047,1030313245
398,1540878048,1540878049
399,1540878049,1540878050
400,1540878050,1540878051
401,1540878051,1540878052
402,1540878052,1030313153
403,1540878053,1540878054
404,1540878054,1030313144
405,1540878055,1030323863
406,1540878058,1540878059
407,1540878059,1030323724
408,1540878060,1540878061
409,1540878061,1540878062
410,1540878062,1540878063
411,1540878063,1030323720
412,1540878067,1030323800
413,1540878068,1540878069
414,1540878069,1030323812
415,1540878070,1540878071
416,1540878071,1540878072
417,1540878072,360201944
418,1540878073,1030323802
419,1540878084,1060029297
420,1540878091,1540878092
421,1540878092,1540878093
422,1540878093,1540878094
423,1540878094,1030328616
424,1540878095,1540878096
425,1540878096,1540878097
426,1540878097,1540878098
427,1540878098,1540878099
428,1540878200,1030328616
429,1540878201,1030328558
430,1540878222,1540878223
431,1540878223,1540878224
432,1540878224,1540878225
433,1540878225,1540878226
434,1540878226,1030329080
435,1540878227,1540878228
436,1540878228,1540878229
437,1540878229,1540878230
438,1540878230,1540878231
439,1540878231,1540878232
440,1540878232,1540878233
441,1540878233,1030328498
442,1540878234,1540878235
443,1540878235,1540878236
444,1540878236,1540878237
445,1540878287,1540878288
446,1540878288,1540878289
447,1540878289,1540878290
448,1540878290,1540878291
449,1540878291,1030328807
450,1540878292,1540878293
451,1540878293,1540878294
452,1540878294,1030328471
453,1540878295,1540878296
454,1540878296,1030329097
455,1540878297,1540878298
456,1540878298,1540878299
457,1540878299,1540878300
458,1540878300,1540878301
459,1540878301,1540878302
460,1540878302,1030328829
461,1540878303,1540878304
462,1540878304,1540878305
463,1540878305,1540878306
464,1540878306,1030329188
465,1540878307,1540878308
466,1540878308,1030328578
467,1540878309,1540878310
468,1540878310,1030328733
469,1540878312,1540878313
470,1540878313,1030328558
471,1540878323,1540878324
472,1540878324,1540878325
473,1540878325,1540878326
474,1540878330,1540878331
475,1540878331,1540878332
476,1540878332,1540878333
477,1540878333,1540878334
478,1540878334,1540878335
479,1540878335,1540878336
480,1540878336,1540878337
481,1540878337,1540878338
482,1540878430,1540878431
483,1540878431,1030334589
484,1540878454,1540878455
485,1540878455,1030334729
486,1540878497,1030689412
487,1540878498,1030688975
488,1540878543,1540878544
489,1540878544,1540878545
490,1540878545,1030688861
491,1540878558,1540878559
492,1540878559,1540878560
493,1540878560,1540878561
494,1540878561,1030690034
495,1540878562,1540878563
496,1540878563,1030689750
497,1540878564,1540878565
498,1540878565,1540878566
499,1540878566,1030689148
500,1540878567,1540878568
501,1540878568,1030689442
502,1540878569,1540878570
503,1540878570,1540878571
504,1540878571,1030689113
505,1540878579,1540878580
506,1540878580,1030688975
507,1540878608,1540878609
508,1540878609,1540878610
509,1540878610,1030689731
510,1540878627,1540878628
511,1540878628,1540878629
512,1540878629,1030689019
513,1540878846,1030975149
514,1540878848,1540878849
515,1540878849,1030975224
516,1540878850,1540878851
517,1540878851,1030975075
518,1540878858,1540878859
519,1540878859,1030975075
520,1540878869,1540878870
521,1540878870,1540878871
522,1540878871,1540878872
523,1540878872,1030974762
524,1540878873,1030975075
525,1540878898,1540878899
526,1540878905,1030974633
527,1540878911,1030975081
528,1540878912,1030975623
529,1540878913,1540878914
530,1540878914,1030975552
531,1540878915,1540878916
532,1540878916,1540878917
533,1540878917,1030975145
534,1540878918,1030974758
535,1540878919,1540878920
536,1540878920,1540878921
537,1540878921,1540878922
538,1540878922,278009641
539,1540878923,1540878924
540,1540878924,1030974704
541,1540881850,278009644
542,1540881851,1030329097
543,1540905590,1540905591
544,1540905591,1540905592
545,1540905592,1540905593
546,1540905593,1030688861
547,1540905594,1540905595
548,1540905595,1030689874
549,1540905596,1540905597
550,1540905597,1030688899
551,1540905598,1030689019
552,1540905607,1540905608
553,1540905608,1540905609
554,1540905609,1030313183
555,1540934709,1030689697
556,1540934710,278009641
557,1540934711,1540934712
558,1540934712,1540934713
559,1540934713,1540934714
560,1540934714,278009643
561,1540934715,1030313169
562,1540934716,1030313199
563,1540934717,1540934718
564,1540934718,1030313138
565,1540934719,278009648
566,1540934773,1540934774
567,1540934774,1030688859
