1,253,254
2,254,9832
3,448,8322
4,448,9818
5,469,470
6,469,9516
7,470,872
8,470,18802
9,589,590
10,590,592
11,592,594
12,594,596
13,596,598
14,598,600
15,600,602
16,602,604
17,604,606
18,606,608
19,608,19034
20,609,610
21,609,18884
22,610,612
23,612,614
24,614,616
25,616,618
26,618,620
27,620,622
28,622,624
29,624,626
30,626,628
31,628,630
32,630,632
33,632,634
34,634,636
35,636,638
36,638,640
37,640,642
38,642,644
39,644,646
40,829,830
41,829,19151
42,830,19242
43,830,19252
44,833,834
45,834,836
46,834,3806
47,836,838
48,838,840
49,838,1928
50,840,9782
51,840,10408
52,872,874
53,874,876
54,876,878
55,878,880
56,880,882
57,882,884
58,884,886
59,886,888
60,888,890
61,890,892
62,892,894
63,894,896
64,896,898
65,898,900
66,900,5964
67,901,902
68,902,904
69,904,906
70,906,908
71,908,910
72,910,912
73,912,914
74,914,916
75,916,918
76,918,920
77,920,922
78,922,924
79,924,926
80,926,928
81,928,930
82,930,932
83,932,934
84,934,936
85,936,938
86,938,15158
87,978,980
88,980,982
89,982,984
90,984,986
91,986,988
92,988,990
93,990,992
94,992,994
95,994,996
96,996,998
97,998,1000
98,1000,1002
99,1002,1004
100,1004,1006
101,1006,1008
102,1008,1010
103,1010,1012
104,1012,1014
105,1014,1016
106,1016,1018
107,1018,1020
108,1020,1022
109,1022,1024
110,1024,1026
111,1026,1028
112,1028,938
113,1043,1044
114,1043,21124
115,1044,1046
116,1046,1048
117,1048,1050
118,1050,1052
119,1052,1053
120,1053,1054
121,1053,6732
122,1054,1056
123,1056,1058
124,1058,1060
125,1060,1062
126,1062,1064
127,1064,21138
128,1066,1068
129,1066,9866
130,1068,1070
131,1070,1072
132,1072,9782
133,1072,10408
134,1207,1208
135,1207,21170
136,1208,1210
137,1210,1212
138,1212,6571
139,1215,1216
140,1216,1218
141,1216,1220
142,1220,1222
143,1222,1224
144,1224,1226
145,1224,1244
146,1226,1252
147,1243,1244
148,1244,1246
149,1244,1250
150,1250,2599
151,1259,1260
152,1259,2602
153,1295,1296
154,1296,1298
155,1298,12512
156,1303,1304
157,1303,1307
158,1304,1306
159,1307,1308
160,1325,1326
161,1326,17290
162,1365,1366
163,1365,12570
164,1366,1773
165,1467,1468
166,1467,1480
167,1468,12524
168,1469,1470
169,1469,14508
170,1470,1472
171,1470,22030
172,1472,1474
173,1474,1476
174,1474,4488
175,1476,1478
176,1478,1480
177,1478,22048
178,1480,8218
179,1567,1568
180,1568,4598
181,1571,1572
182,1571,8246
183,1572,1574
184,1572,1628
185,1574,1576
186,1576,1578
187,1628,1630
188,1630,1632
189,1632,1634
190,1634,1636
191,1636,1638
192,1638,1578
193,1751,1752
194,1751,19344
195,1752,1754
196,1752,3808
197,1754,1756
198,1756,14401
199,1757,1758
200,1758,3810
201,1759,10264
202,1761,1762
203,1761,15699
204,1761,16480
205,1762,3802
206,1769,1770
207,1769,4250
208,1770,1772
209,1772,8230
210,1773,4674
211,1777,1778
212,1777,4482
213,1778,1780
214,1778,12420
215,1781,1782
216,1781,1812
217,1782,1784
218,1782,8256
219,1784,1786
220,1784,3812
221,1786,4594
222,1789,1790
223,1789,8268
224,1790,1792
225,1790,4492
226,1792,1794
227,1792,3726
228,1794,1796
229,1794,8238
230,1796,1798
231,1796,4494
232,1798,1800
233,1798,4496
234,1800,1802
235,1800,4498
236,1802,1804
237,1802,8244
238,1804,1806
239,1804,14952
240,1806,1808
241,1806,22828
242,1808,1810
243,1808,8250
244,1810,2750
245,1811,1810
246,1811,1812
247,1812,2030
248,1928,9776
249,2025,1781
250,2025,8256
251,2030,2032
252,2032,5422
253,2033,2034
254,2034,1758
255,2034,2036
256,2036,2038
257,2036,12194
258,2038,2040
259,2040,2042
260,2040,20688
261,2042,2044
262,2044,2046
263,2044,14222
264,2046,2048
265,2046,12232
266,2048,2050
267,2050,4088
268,2051,2052
269,2051,6994
270,2052,2054
271,2052,9530
272,2054,2056
273,2056,2058
274,2058,6970
275,2127,2128
276,2127,2883
277,2128,2130
278,2128,14758
279,2130,2598
280,2349,2350
281,2349,2549
282,2405,2406
283,2405,2609
284,2406,10420
285,2477,2478
286,2477,18636
287,2478,14256
288,2479,2480
289,2501,2502
290,2501,21110
291,2502,2504
292,2504,1326
293,2504,15028
294,2533,2534
295,2533,20798
296,2534,2536
297,2536,2538
298,2536,20797
299,2538,2540
300,2540,5502
301,2541,2542
302,2541,5506
303,2542,2544
304,2542,12570
305,2544,2546
306,2544,12322
307,2546,2548
308,2546,5514
309,2548,2592
310,2549,2550
311,2549,12224
312,2551,2552
313,2552,2554
314,2552,12106
315,2552,12140
316,2555,2556
317,2555,12310
318,2556,14878
319,2589,2548
320,2589,5520
321,2592,12318
322,2593,2594
323,2593,2740
324,2594,2130
325,2594,2888
326,2598,14842
327,2599,1259
328,2599,12500
329,2602,2604
330,2604,1303
331,2609,2610
332,2609,12478
333,2610,10416
334,2611,2612
335,2611,17310
336,2612,2614
337,2614,12488
338,2735,2736
339,2735,5466
340,2736,2593
341,2736,14744
342,2740,2742
343,2740,14932
344,2742,14584
345,2749,2750
346,2750,2025
347,2789,2790
348,2789,12489
349,2790,2792
350,2792,2794
351,2792,12490
352,2795,836
353,2795,20224
354,2883,2884
355,2883,16756
356,2884,2594
357,2884,14752
358,2888,2740
359,2915,2916
360,2915,14646
361,2916,2918
362,2916,14960
363,2918,2920
364,2918,9568
365,2920,2922
366,2922,2924
367,2924,2926
368,2926,2928
369,2928,2930
370,2928,12336
371,2930,2932
372,2932,1786
373,3053,3054
374,3053,8224
375,3054,3056
376,3056,3058
377,3056,4252
378,3058,3060
379,3060,3062
380,3062,3064
381,3064,3066
382,3066,3068
383,3068,14512
384,3069,3053
385,3069,3070
386,3070,12520
387,3071,3072
388,3071,20258
389,3072,5494
390,3073,3074
391,3073,15010
392,3074,3076
393,3074,12572
394,3076,20800
395,3085,2478
396,3085,3086
397,3086,14242
398,3341,3342
399,3341,14590
400,3342,3344
401,3344,3346
402,3346,12206
403,3346,12248
404,3347,3348
405,3347,21102
406,3348,3350
407,3350,5454
408,3350,20562
409,3689,3690
410,3689,12554
411,3690,3692
412,3692,3694
413,3692,22958
414,3694,16792
415,3701,3702
416,3701,4240
417,3702,3704
418,3704,3706
419,3706,3708
420,3708,2589
421,3726,3728
422,3726,8238
423,3728,3730
424,3728,12504
425,3731,2611
426,3731,3732
427,3732,3734
428,3734,20596
429,3735,12281
430,3799,3800
431,3799,16484
432,3800,3802
433,3802,834
434,3802,20230
435,3806,3808
436,3808,1751
437,3808,16943
438,3809,3810
439,3810,4598
440,3812,4594
441,3855,2789
442,3855,3856
443,3856,3858
444,3858,2792
445,4013,4014
446,4013,21016
447,4014,15032
448,4081,2742
449,4081,4082
450,4082,4084
451,4082,4236
452,4084,2050
453,4084,4525
454,4233,4234
455,4234,2349
456,4234,4236
457,4236,4238
458,4238,4240
459,4240,9102
460,4240,14578
461,4240,15460
462,4243,4244
463,4244,4246
464,4246,1769
465,4250,1789
466,4252,4254
467,4254,1476
468,4254,4488
469,4291,1474
470,4291,4292
471,4292,4294
472,4294,4296
473,4296,1472
474,4296,4298
475,4298,1469
476,4298,15068
477,4436,22900
478,4437,4438
479,4438,7006
480,4443,4444
481,4443,12350
482,4444,4446
483,4444,4584
484,4446,4448
485,4446,4586
486,4448,4588
487,4467,4468
488,4467,8280
489,4468,4470
490,4468,8270
491,4470,4472
492,4470,8264
493,4472,4474
494,4474,4476
495,4476,4243
496,4479,4480
497,4480,1778
498,4480,4482
499,4482,4484
500,4482,9860
501,4484,12460
502,4488,3062
503,4488,22030
504,4491,4492
505,4491,14522
506,4492,4494
507,4492,9603
508,4494,4496
509,4494,9604
510,4496,4498
511,4496,8284
512,4498,4500
513,4498,14532
514,4500,1802
515,4525,4234
516,4525,4526
517,4527,4528
518,4528,4530
519,4528,5510
520,4530,4532
521,4530,16764
522,4532,14734
523,4583,4443
524,4583,4584
525,4584,4586
526,4586,4588
527,4588,2932
528,4594,1568
529,4598,4600
530,4600,4602
531,4602,2480
532,4602,20672
533,4673,4674
534,4673,15002
535,4674,14912
536,4695,4696
537,4695,4724
538,4696,4698
539,4696,4722
540,4698,4700
541,4698,4720
542,4700,4702
543,4702,4704
544,4704,4706
545,4706,4708
546,4708,4710
547,4710,4712
548,4712,4714
549,4714,4716
550,4716,4718
551,4718,4720
552,4720,4722
553,4722,4724
554,4724,3072
555,4925,4446
556,4925,12336
557,4971,4972
558,4971,12536
559,4972,4974
560,5089,5090
561,5089,12081
562,5090,5092
563,5090,5094
564,5092,5094
565,5094,12086
566,5170,5172
567,5172,5428
568,5173,5174
569,5174,5176
570,5176,5178
571,5178,5180
572,5178,9534
573,5180,5182
574,5182,5184
575,5184,5186
576,5186,5188
577,5188,5190
578,5190,5192
579,5192,5194
580,5194,5196
581,5196,5198
582,5198,5200
583,5200,5202
584,5202,5204
585,5204,5206
586,5206,5208
587,5208,5210
588,5208,9540
589,5210,5212
590,5212,5214
591,5214,5216
592,5216,5218
593,5218,5220
594,5220,5222
595,5222,5224
596,5224,5226
597,5226,5228
598,5228,2794
599,5228,5230
600,5230,5232
601,5232,5234
602,5234,5236
603,5236,5238
604,5238,5240
605,5240,5242
606,5242,5244
607,5244,5246
608,5246,5248
609,5248,5250
610,5250,5252
611,5252,5254
612,5254,5256
613,5256,5258
614,5258,5260
615,5260,5262
616,5262,5264
617,5264,5266
618,5266,5268
619,5268,5270
620,5270,5272
621,5272,5274
622,5274,5276
623,5276,5278
624,5278,5173
625,5328,5330
626,5328,20182
627,5328,22844
628,5330,15142
629,5422,5424
630,5424,1782
631,5426,8200
632,5428,5430
633,5430,5432
634,5432,5434
635,5434,5436
636,5434,18422
637,5436,5438
638,5436,14314
639,5438,9012
640,5449,5450
641,5450,3350
642,5450,20996
643,5454,5456
644,5454,20754
645,5456,5458
646,5456,14828
647,5458,5460
648,5458,15116
649,5460,5462
650,5462,5464
651,5462,14796
652,5464,5466
653,5466,4530
654,5466,5468
655,5468,3701
656,5468,14740
657,5471,12264
658,5473,5476
659,5476,5478
660,5476,12407
661,5478,5480
662,5480,5482
663,5480,14992
664,5482,5484
665,5484,5486
666,5484,12274
667,5486,4695
668,5495,5498
669,5498,1207
670,5498,5500
671,5500,5502
672,5502,5504
673,5502,14988
674,5504,5506
675,5504,15016
676,5506,5508
677,5508,5510
678,5510,2542
679,5510,5512
680,5512,2544
681,5512,5514
682,5514,3708
683,5514,4532
684,5520,16900
685,5651,5652
686,5652,5654
687,5654,5656
688,5656,5658
689,5658,5660
690,5660,5662
691,5662,5664
692,5664,5666
693,5666,5668
694,5668,15200
695,5668,19020
696,5669,5670
697,5670,5672
698,5672,5674
699,5674,5676
700,5676,5678
701,5678,1028
702,5951,5952
703,5952,5954
704,5954,5956
705,5956,5958
706,5958,5960
707,5960,6393
708,5964,5966
709,5966,5968
710,5968,5970
711,5970,5972
712,5972,5974
713,5974,5976
714,5976,5978
715,5978,5980
716,5980,5982
717,5982,5984
718,5984,5986
719,5986,5988
720,5988,5990
721,5990,5992
722,5992,5994
723,5994,5996
724,5996,5998
725,5998,6000
726,6000,6022
727,6022,6024
728,6024,6026
729,6026,6028
730,6028,6030
731,6030,6032
732,6032,6034
733,6034,6036
734,6036,6038
735,6038,6040
736,6040,6042
737,6042,6044
738,6044,6046
739,6046,6048
740,6048,6050
741,6329,6330
742,6330,6332
743,6332,6334
744,6332,17696
745,6334,6336
746,6334,14298
747,6336,11334
748,6336,14494
749,6393,6394
750,6393,9426
751,6394,6396
752,6396,6398
753,6398,6400
754,6400,6402
755,6402,5170
756,6525,6526
757,6526,6528
758,6528,6530
759,6528,8996
760,6530,6532
761,6530,15100
762,6534,12152
763,6549,6550
764,6549,6722
765,6550,6552
766,6552,21114
767,6561,3347
768,6561,6562
769,6562,6564
770,6564,6566
771,6566,6549
772,6571,6572
773,6571,6716
774,6572,6574
775,6574,6576
776,6576,12266
777,6710,1212
778,6716,6566
779,6722,6724
780,6724,6726
781,6726,1052
782,6732,6734
783,6734,6736
784,6736,6738
785,6738,6740
786,6740,6742
787,6742,6744
788,6744,6746
789,6746,6748
790,6748,6750
791,6750,6752
792,6752,6754
793,6754,6756
794,6756,6758
795,6758,6760
796,6760,469
797,6970,6972
798,6972,6974
799,6972,6994
800,6974,6976
801,6974,14432
802,6977,6978
803,6978,14416
804,6994,6996
805,6994,14446
806,6996,16866
807,7005,7006
808,7006,7008
809,7006,14401
810,7008,7056
811,7051,7052
812,7052,7008
813,7056,7058
814,7062,15224
815,7489,7490
816,7490,8563
817,7490,9040
818,7491,7492
819,7491,18544
820,7492,7494
821,7492,9028
822,7494,7496
823,7496,7498
824,7496,8378
825,7498,7500
826,7498,8347
827,7498,8378
828,7500,6532
829,7500,7502
830,7502,6532
831,7502,7504
832,7502,8332
833,7502,8334
834,7504,8332
835,7504,8490
836,7955,7956
837,7956,2924
838,8019,2541
839,8019,15014
840,8023,8024
841,8023,12594
842,8024,8026
843,8026,14920
844,8200,8202
845,8202,8204
846,8202,21128
847,8204,8206
848,8206,8208
849,8206,14332
850,8208,8210
851,8208,15054
852,8210,8212
853,8212,1467
854,8212,22042
855,8218,3069
856,8224,8226
857,8226,1772
858,8230,8232
859,8232,8234
860,8232,22832
861,8234,3726
862,8234,4250
863,8238,8240
864,8238,12500
865,8240,1798
866,8240,8242
867,8242,1800
868,8242,8244
869,8244,8246
870,8244,14664
871,8246,1804
872,8246,8248
873,8248,1806
874,8248,8250
875,8250,2750
876,8250,12386
877,8256,3812
878,8264,8266
879,8264,8276
880,8266,8268
881,8266,9606
882,8268,4491
883,8270,8272
884,8272,3064
885,8276,8278
886,8276,9606
887,8278,8280
888,8280,14518
889,8284,9615
890,8288,8290
891,8290,1754
892,8293,8294
893,8294,5330
894,8297,8298
895,8297,18149
896,8297,18254
897,8298,8300
898,8298,8318
899,8300,8302
900,8302,8304
901,8304,8306
902,8306,8308
903,8308,8310
904,8310,8312
905,8315,8316
906,8315,9633
907,8316,8300
908,8316,8318
909,8318,8293
910,8318,15142
911,8322,8324
912,8327,8328
913,8327,8375
914,8328,7504
915,8328,8488
916,8332,8327
917,8332,8334
918,8335,8336
919,8335,8546
920,8335,8558
921,8335,8774
922,8336,8338
923,8336,8366
924,8336,8546
925,8338,8335
926,8339,8340
927,8339,8383
928,8340,8342
929,8340,8544
930,8340,8778
931,8342,8344
932,8342,8770
933,8342,8876
934,8344,8362
935,8345,8339
936,8345,8340
937,8345,8389
938,8345,8544
939,8347,8348
940,8347,8530
941,8348,8350
942,8348,8530
943,8350,8352
944,8350,8480
945,8352,7492
946,8352,7494
947,8357,8358
948,8357,8456
949,8357,8858
950,8358,8344
951,8358,8986
952,8362,8364
953,8364,8366
954,8364,8786
955,8366,8338
956,8366,8368
957,8368,8336
958,8368,8394
959,8373,8345
960,8373,8398
961,8375,8334
962,8375,8562
963,8375,8894
964,8378,8336
965,8383,8345
966,8383,8373
967,8389,8390
968,8389,8400
969,8389,8540
970,8390,8392
971,8390,9032
972,8392,9036
973,8394,8396
974,8398,8400
975,8400,8534
976,8401,8402
977,8401,8514
978,8402,8404
979,8404,8406
980,8406,8408
981,8408,8410
982,8410,8412
983,8412,8414
984,8414,8416
985,8416,8418
986,8418,8420
987,8420,8422
988,8422,8424
989,8424,8426
990,8426,8428
991,8428,8430
992,8430,8432
993,8432,8434
994,8434,8436
995,8436,8438
996,8438,8440
997,8440,8442
998,8442,8444
999,8444,8446
1000,8446,8448
1001,8448,8450
1002,8450,8452
1003,8452,8454
1004,8454,8468
1005,8456,8458
1006,8458,18956
1007,8459,8460
1008,8459,12366
1009,8460,8462
1010,8460,8988
1011,8462,8446
1012,8462,8464
1013,8464,8454
1014,8468,8470
1015,8470,8472
1016,8470,8492
1017,8472,8464
1018,8472,8890
1019,8475,8476
1020,8475,8526
1021,8476,8478
1022,8476,9012
1023,8478,9010
1024,8480,8482
1025,8482,8484
1026,8484,8478
1027,8484,9006
1028,8488,8490
1029,8488,9024
1030,8490,8522
1031,8492,8494
1032,8494,8496
1033,8496,8498
1034,8498,8500
1035,8500,8502
1036,8502,8504
1037,8504,8506
1038,8506,8508
1039,8508,8510
1040,8510,8401
1041,8514,8516
1042,8514,14568
1043,8516,16514
1044,8517,8392
1045,8517,8502
1046,8517,8886
1047,8522,18950
1048,8523,8475
1049,8523,8567
1050,8523,8568
1051,8526,9014
1052,8530,8994
1053,8534,8536
1054,8534,14480
1055,8536,22682
1056,8540,18954
1057,8544,8882
1058,8546,18640
1059,8547,8548
1060,8547,8562
1061,8547,8912
1062,8548,8550
1063,8550,8334
1064,8558,8547
1065,8558,8834
1066,8562,8782
1067,8562,8904
1068,8563,8564
1069,8563,18643
1070,8564,7491
1071,8564,22742
1072,8567,7490
1073,8567,8568
1074,8568,8570
1075,8568,9040
1076,8770,8772
1077,8772,8814
1078,8774,8776
1079,8776,8828
1080,8778,8780
1081,8780,8804
1082,8781,8782
1083,8781,8798
1084,8782,8383
1085,8782,8784
1086,8786,8820
1087,8787,8788
1088,8788,8790
1089,8790,8792
1090,8792,8794
1091,8794,8781
1092,8798,8800
1093,8800,8780
1094,8804,8806
1095,8806,8808
1096,8808,8810
1097,8810,8772
1098,8814,8816
1099,8816,8786
1100,8820,8822
1101,8822,8824
1102,8824,8776
1103,8828,8830
1104,8830,8787
1105,8834,8790
1106,8837,8838
1107,8838,8840
1108,8840,8842
1109,8842,8844
1110,8844,8846
1111,8846,8848
1112,8848,8850
1113,8850,8852
1114,8852,8854
1115,8854,8856
1116,8856,8858
1117,8858,8860
1118,8860,8862
1119,8862,8864
1120,8864,8866
1121,8866,8868
1122,8868,8870
1123,8870,8837
1124,8876,8840
1125,8882,18994
1126,8883,8848
1127,8883,8876
1128,8883,9036
1129,8886,8472
1130,8891,8892
1131,8892,8894
1132,8894,8896
1133,8896,8898
1134,8898,8900
1135,8900,8902
1136,8902,8904
1137,8904,8906
1138,8906,8908
1139,8908,8910
1140,8910,8912
1141,8912,8914
1142,8914,8916
1143,8916,8918
1144,8918,8920
1145,8920,8550
1146,8920,8922
1147,8922,8891
1148,8937,8938
1149,8937,9022
1150,8938,8940
1151,8940,8942
1152,8942,8944
1153,8942,19620
1154,8944,8946
1155,8944,19576
1156,8946,8948
1157,8946,19516
1158,8948,9016
1159,8949,8948
1160,8949,9020
1161,8986,8988
1162,8986,18970
1163,8988,12362
1164,8988,14700
1165,8989,8990
1166,8989,11334
1167,8990,8992
1168,8992,6336
1169,8994,6530
1170,8994,8996
1171,8996,8998
1172,8996,14308
1173,8998,9000
1174,9000,9002
1175,9002,6525
1176,9006,9008
1177,9008,15094
1178,9010,9008
1179,9012,9010
1180,9014,5438
1181,9016,9018
1182,9016,16518
1183,9018,14564
1184,9020,9022
1185,9022,14628
1186,9024,18666
1187,9028,8396
1188,9032,18959
1189,9036,8357
1190,9040,18759
1191,9102,9104
1192,9102,12314
1193,9104,14874
1194,9426,9428
1195,9428,9430
1196,9430,9432
1197,9432,9434
1198,9434,9436
1199,9436,9438
1200,9438,9440
1201,9440,9442
1202,9442,9444
1203,9444,9446
1204,9446,9448
1205,9516,9518
1206,9518,9520
1207,9520,5669
1208,9523,5234
1209,9523,5250
1210,9525,9523
1211,9525,9526
1212,9527,9528
1213,9528,9525
1214,9530,5178
1215,9534,5228
1216,9534,9550
1217,9540,9542
1218,9542,9544
1219,9544,9546
1220,9546,9534
1221,9550,9528
1222,9559,9560
1223,9559,14604
1224,9560,9562
1225,9562,9564
1226,9564,9568
1227,9565,2922
1228,9565,9564
1229,9568,9570
1230,9568,12378
1231,9570,9572
1232,9572,9574
1233,9574,12378
1234,9575,9576
1235,9575,9578
1236,9576,14650
1237,9578,9580
1238,9580,9582
1239,9580,9590
1240,9582,9584
1241,9582,14534
1242,9584,9586
1243,9586,9588
1244,9588,9590
1245,9588,9596
1246,9590,9592
1247,9592,9575
1248,9596,9598
1249,9598,9586
1250,9603,9604
1251,9603,9632
1252,9604,9626
1253,9606,9608
1254,9608,8278
1255,9608,9610
1256,9610,14522
1257,9615,9616
1258,9615,14532
1259,9616,9618
1260,9618,9620
1261,9620,16368
1262,9626,8284
1263,9632,9626
1264,9633,9634
1265,9633,12452
1266,9634,9636
1267,9636,9638
1268,9638,9640
1269,9640,15140
1270,9775,9776
1271,9776,829
1272,9776,9778
1273,9778,840
1274,9782,9784
1275,9782,15712
1276,9784,9786
1277,9784,17709
1278,9786,1066
1279,9791,448
1280,9810,8324
1281,9818,12418
1282,9829,5925
1283,9832,9834
1284,9834,9836
1285,9836,9838
1286,9838,15168
1287,9838,18157
1288,9839,9840
1289,9840,9842
1290,9842,9844
1291,9844,9846
1292,9846,9848
1293,9848,9850
1294,9850,8293
1295,9853,9854
1296,9854,9836
1297,9857,9858
1298,9858,4484
1299,9858,9860
1300,9860,3085
1301,9860,14242
1302,9861,9810
1303,9866,9868
1304,9866,19802
1305,9868,9791
1306,10264,10266
1307,10266,12298
1308,10267,10268
1309,10269,10267
1310,10408,10410
1311,10408,12470
1312,10410,10412
1313,10410,12478
1314,10412,2610
1315,10416,2406
1316,10420,12426
1317,10420,14244
1318,11321,6535
1319,11321,12154
1320,11329,11330
1321,11330,8989
1322,11334,11336
1323,11334,14458
1324,11336,14494
1325,12081,4528
1326,12081,5092
1327,12086,12088
1328,12099,12100
1329,12099,15134
1330,12100,12102
1331,12102,12104
1332,12102,17702
1333,12104,6334
1334,12104,14348
1335,12106,12108
1336,12108,1571
1337,12108,12110
1338,12110,12112
1339,12110,12178
1340,12112,12114
1341,12114,12116
1342,12114,16800
1343,12116,12118
1344,12118,12120
1345,12120,12122
1346,12120,12166
1347,12122,12124
1348,12122,12164
1349,12124,12126
1350,12126,12128
1351,12128,12130
1352,12130,12132
1353,12130,15038
1354,12132,12134
1355,12132,12156
1356,12134,1043
1357,12134,12136
1358,12136,6534
1359,12140,2034
1360,12140,12190
1361,12152,12154
1362,12154,12134
1363,12154,12156
1364,12156,12158
1365,12156,20750
1366,12158,12130
1367,12158,12160
1368,12160,12162
1369,12162,12164
1370,12164,12166
1371,12164,12494
1372,12166,12168
1373,12166,12548
1374,12168,12170
1375,12170,12172
1376,12172,12114
1377,12172,12174
1378,12174,12176
1379,12176,12178
1380,12178,12180
1381,12178,14670
1382,12180,12108
1383,12180,12182
1384,12182,12184
1385,12184,2552
1386,12187,12140
1387,12190,12192
1388,12190,23066
1389,12192,12194
1390,12194,12196
1391,12196,12198
1392,12198,12200
1393,12198,12238
1394,12200,12202
1395,12202,2040
1396,12202,12204
1397,12204,12206
1398,12206,2044
1399,12206,12208
1400,12208,12210
1401,12208,14854
1402,12210,12212
1403,12210,16922
1404,12212,4084
1405,12224,12226
1406,12226,12228
1407,12226,15434
1408,12228,12306
1409,12228,15446
1410,12229,2046
1411,12229,14850
1412,12232,10269
1413,12235,12236
1414,12236,12238
1415,12236,23048
1416,12238,12240
1417,12240,12242
1418,12242,12202
1419,12242,12244
1420,12244,3346
1421,12248,12250
1422,12248,23175
1423,12250,12252
1424,12252,12254
1425,12252,14858
1426,12254,12256
1427,12254,16918
1428,12256,12258
1429,12258,12260
1430,12260,12212
1431,12264,12266
1432,12266,12268
1433,12266,14804
1434,12268,12270
1435,12270,12272
1436,12272,15108
1437,12274,3071
1438,12275,12276
1439,12276,12278
1440,12276,14978
1441,12278,12280
1442,12280,14896
1443,12280,14898
1444,12281,14870
1445,12286,12288
1446,12286,20796
1447,12288,3074
1448,12298,12300
1449,12300,12302
1450,12302,12226
1451,12302,12228
1452,12306,2555
1453,12306,14878
1454,12310,9102
1455,12314,2592
1456,12318,12320
1457,12320,12322
1458,12320,14726
1459,12322,4673
1460,12322,14912
1461,12333,4925
1462,12333,12340
1463,12336,2930
1464,12336,4448
1465,12340,12342
1466,12342,4444
1467,12342,12350
1468,12350,6978
1469,12350,12352
1470,12352,14432
1471,12352,14440
1472,12353,12354
1473,12354,12356
1474,12356,12358
1475,12358,12360
1476,12360,12362
1477,12362,8459
1478,12366,12368
1479,12368,12370
1480,12370,12372
1481,12372,12374
1482,12374,14576
1483,12378,9559
1484,12378,12380
1485,12380,1808
1486,12407,6576
1487,12407,12408
1488,12408,12410
1489,12410,12412
1490,12410,14996
1491,12412,12274
1492,12418,12420
1493,12420,12426
1494,12420,14244
1495,12421,12422
1496,12421,12427
1497,12422,10420
1498,12422,12464
1499,12426,2405
1500,12426,14284
1501,12427,12428
1502,12427,19222
1503,12428,14357
1504,12429,12421
1505,12452,9640
1506,12452,12454
1507,12454,9858
1508,12454,17660
1509,12460,12422
1510,12460,12427
1511,12464,12466
1512,12464,17650
1513,12466,12468
1514,12466,17654
1515,12468,12470
1516,12468,17670
1517,12470,829
1518,12470,9778
1519,12478,1072
1520,12478,15720
1521,12481,12482
1522,12482,12484
1523,12484,2614
1524,12488,14924
1525,12489,1752
1526,12489,12490
1527,12490,22732
1528,12494,12496
1529,12496,12584
1530,12500,3728
1531,12504,8234
1532,12504,12506
1533,12506,12508
1534,12506,21514
1535,12508,1298
1536,12508,21504
1537,12512,12514
1538,12514,12516
1539,12514,12542
1540,12516,3070
1541,12516,8224
1542,12520,1468
1543,12520,8218
1544,12524,8210
1545,12524,12526
1546,12527,12528
1547,12528,12530
1548,12530,14778
1549,12531,12532
1550,12532,4971
1551,12536,12538
1552,12538,12514
1553,12542,12120
1554,12548,12550
1555,12548,22951
1556,12550,3689
1557,12554,12556
1558,12556,12558
1559,12558,12584
1560,12559,5089
1561,12570,3073
1562,12570,12572
1563,12572,1366
1564,12579,12580
1565,12579,15022
1566,12580,12496
1567,12584,12586
1568,12584,14768
1569,12586,12588
1570,12588,12590
1571,12588,23002
1572,12590,12592
1573,12590,23008
1574,12592,12594
1575,12594,12596
1576,12594,16788
1577,12596,12598
1578,12598,12600
1579,12600,8026
1580,12600,12602
1581,12602,14763
1582,14222,12232
1583,14242,4480
1584,14242,9861
1585,14244,1777
1586,14244,12460
1587,14256,8316
1588,14256,12452
1589,14284,9818
1590,14298,14300
1591,14300,14302
1592,14302,6528
1593,14308,14310
1594,14310,5436
1595,14314,14316
1596,14314,15080
1597,14316,14318
1598,14316,15078
1599,14318,14320
1600,14320,14322
1601,14320,18306
1602,14322,14324
1603,14322,14500
1604,14324,14326
1605,14326,14328
1606,14328,8206
1607,14332,14334
1608,14334,14336
1609,14336,14338
1610,14338,14340
1611,14340,14342
1612,14342,12132
1613,14348,14350
1614,14350,6329
1615,14353,14354
1616,14353,22716
1617,14354,14356
1618,14354,14396
1619,14356,9775
1620,14357,14358
1621,14357,14544
1622,14358,12429
1623,14358,14360
1624,14360,14362
1625,14362,14364
1626,14364,14366
1627,14366,14368
1628,14368,14370
1629,14370,14372
1630,14372,14374
1631,14374,14376
1632,14376,14378
1633,14378,14380
1634,14380,14382
1635,14382,14384
1636,14384,14386
1637,14386,14388
1638,14388,14390
1639,14390,14392
1640,14392,14354
1641,14392,14619
1642,14396,14398
1643,14398,14400
1644,14400,3855
1645,14400,19268
1646,14401,8288
1647,14416,4438
1648,14432,12342
1649,14432,14434
1650,14434,14436
1651,14436,12333
1652,14440,6972
1653,14446,14448
1654,14448,14450
1655,14450,14452
1656,14452,14454
1657,14454,14632
1658,14454,14968
1659,14458,14460
1660,14460,14462
1661,14460,18678
1662,14462,14464
1663,14462,18752
1664,14464,14466
1665,14464,18672
1666,14466,14468
1667,14468,14470
1668,14470,14472
1669,14472,14474
1670,14472,17638
1671,14474,14476
1672,14474,17674
1673,14476,8534
1674,14480,14482
1675,14482,14484
1676,14484,14486
1677,14484,14556
1678,14486,14488
1679,14486,16526
1680,14488,14490
1681,14490,14492
1682,14492,19160
1683,14492,22670
1684,14494,12104
1685,14494,14496
1686,14496,12099
1687,14500,14502
1688,14500,15068
1689,14502,4298
1690,14508,3068
1691,14508,18534
1692,14512,4467
1693,14512,18545
1694,14518,9610
1695,14522,9632
1696,14522,16362
1697,14532,14534
1698,14534,14536
1699,14536,14538
1700,14538,14540
1701,14538,14656
1702,14540,2916
1703,14540,9574
1704,14544,14546
1705,14546,14548
1706,14546,17662
1707,14548,14550
1708,14550,14552
1709,14552,14484
1710,14552,22678
1711,14556,14558
1712,14558,14560
1713,14560,9018
1714,14560,16518
1715,14564,8514
1716,14564,16400
1717,14568,14570
1718,14570,14572
1719,14572,14574
1720,14574,14576
1721,14574,14688
1722,14576,14678
1723,14576,16509
1724,14578,4081
1725,14584,14586
1726,14584,16912
1727,14586,3341
1728,14586,14924
1729,14590,14592
1730,14590,20680
1731,14592,14594
1732,14594,12602
1733,14604,1811
1734,14604,9565
1735,14604,14606
1736,14606,2928
1737,14606,5424
1738,14619,14353
1739,14619,14492
1740,14619,14620
1741,14620,14622
1742,14620,14972
1743,14622,9020
1744,14628,14630
1745,14630,14632
1746,14632,14634
1747,14632,16876
1748,14634,14636
1749,14634,14686
1750,14636,14638
1751,14638,14640
1752,14640,14642
1753,14642,2915
1754,14642,16274
1755,14646,9576
1756,14646,16326
1757,14650,14652
1758,14652,14538
1759,14656,4500
1760,14664,12110
1761,14670,14672
1762,14672,14674
1763,14674,12600
1764,14678,14680
1765,14680,14682
1766,14682,14634
1767,14686,14454
1768,14686,16860
1769,14688,14690
1770,14690,14692
1771,14692,14694
1772,14694,8460
1773,14700,14702
1774,14702,14704
1775,14704,14706
1776,14706,14708
1777,14708,14710
1778,14710,14712
1779,14712,14714
1780,14712,18648
1781,14714,14716
1782,14716,14718
1783,14718,14720
1784,14720,12353
1785,14723,12320
1786,14723,14864
1787,14726,2546
1788,14734,14736
1789,14736,5468
1790,14740,2736
1791,14744,14746
1792,14746,14748
1793,14748,2884
1794,14752,14754
1795,14754,2128
1796,14758,14760
1797,14760,14762
1798,14760,14836
1799,14762,14783
1800,14762,14810
1801,14762,15130
1802,14763,14674
1803,14763,14938
1804,14768,14770
1805,14768,20480
1806,14770,14772
1807,14772,14774
1808,14774,12530
1809,14774,17294
1810,14778,14780
1811,14780,14782
1812,14780,14824
1813,14782,14790
1814,14782,15122
1815,14783,14784
1816,14783,16774
1817,14784,14786
1818,14786,12530
1819,14790,14792
1820,14792,5462
1821,14796,12559
1822,14799,12272
1823,14799,14800
1824,14800,14802
1825,14802,14804
1826,14804,6561
1827,14804,14806
1828,14806,5471
1829,14810,14812
1830,14812,14814
1831,14814,14816
1832,14816,14818
1833,14818,14820
1834,14820,14780
1835,14824,5456
1836,14828,14830
1837,14830,14832
1838,14832,14799
1839,14836,14838
1840,14838,2598
1841,14842,14844
1842,14844,14846
1843,14846,2888
1844,14846,14584
1845,14850,12208
1846,14854,12252
1847,14858,14860
1848,14860,14586
1849,14864,3735
1850,14870,9104
1851,14874,2556
1852,14878,14880
1853,14880,12228
1854,14880,14882
1855,14882,12302
1856,14882,14884
1857,14884,14886
1858,14886,10266
1859,14890,14892
1860,14892,12280
1861,14896,2540
1862,14896,14976
1863,14898,12288
1864,14912,14723
1865,14920,12488
1866,14920,14590
1867,14924,14846
1868,14924,16928
1869,14932,4240
1870,14938,14940
1871,14938,23098
1872,14940,12180
1873,14952,14954
1874,14954,14540
1875,14960,14962
1876,14962,14686
1877,14968,14970
1878,14970,14972
1879,14972,14353
1880,14972,18614
1881,14976,14978
1882,14978,12331
1883,14978,21082
1884,14988,5480
1885,14992,12410
1886,14996,12272
1887,15002,1365
1888,15010,8019
1889,15014,15016
1890,15016,14896
1891,15016,14898
1892,15019,12579
1893,15022,15024
1894,15024,2504
1895,15024,20576
1896,15028,4014
1897,15032,5454
1898,15038,15040
1899,15040,15042
1900,15042,15044
1901,15044,15046
1902,15046,15048
1903,15048,15050
1904,15050,8208
1905,15054,15056
1906,15056,15058
1907,15058,15060
1908,15060,15062
1909,15062,15064
1910,15064,14500
1911,15068,14320
1912,15068,15070
1913,15070,15072
1914,15072,15074
1915,15074,15076
1916,15074,18436
1917,15076,15078
1918,15078,15080
1919,15078,18450
1920,15080,15082
1921,15080,18510
1922,15082,9014
1923,15094,8994
1924,15100,15102
1925,15102,8992
1926,15108,15110
1927,15110,15112
1928,15112,5458
1929,15116,15118
1930,15118,14782
1931,15122,15124
1932,15124,15126
1933,15126,15128
1934,15128,15130
1935,15130,14760
1936,15130,16750
1937,15134,15136
1938,15136,15138
1939,15136,18870
1940,15138,15140
1941,15142,2477
1942,15142,14256
1943,15158,15160
1944,15158,20896
1945,15160,15162
1946,15162,15164
1947,15164,9829
1948,15168,15170
1949,15170,15172
1950,15172,15174
1951,15174,15176
1952,15176,15178
1953,15178,15180
1954,15180,15182
1955,15182,15184
1956,15184,5951
1957,15200,15202
1958,15202,15204
1959,15204,15206
1960,15206,15208
1961,15208,15210
1962,15210,15212
1963,15212,19176
1964,15224,19291
1965,15266,5651
1966,15371,14882
1967,15434,15436
1968,15436,4240
1969,15446,15436
1970,15460,15462
1971,15462,12306
1972,15462,15436
1973,15699,9786
1974,15699,15700
1975,15700,15702
1976,15702,15704
1977,15704,15706
1978,15704,23416
1979,15706,15708
1980,15708,15710
1981,15710,15712
1982,15710,23420
1983,15712,2795
1984,15713,15714
1985,15714,15716
1986,15716,15718
1987,15718,15743
1988,15720,15722
1989,15722,15724
1990,15724,15726
1991,15726,1070
1992,15729,15730
1993,15729,15746
1994,15730,15732
1995,15732,15734
1996,15734,15736
1997,15736,15738
1998,15738,15740
1999,15740,15700
2000,15743,15729
2001,15746,15732
2002,15746,15748
2003,15748,15734
2004,15748,15750
2005,15750,15736
2006,15750,15752
2007,15752,15738
2008,15752,15754
2009,15754,15706
2010,16083,16084
2011,16083,16244
2012,16085,16086
2013,16085,16093
2014,16086,16088
2015,16088,16090
2016,16090,16092
2017,16092,16254
2018,16093,16094
2019,16093,16232
2020,16095,16096
2021,16095,16166
2022,16096,16098
2023,16098,16100
2024,16100,16102
2025,16102,16104
2026,16104,16106
2027,16107,16108
2028,16107,16308
2029,16108,16110
2030,16110,16112
2031,16112,16114
2032,16114,16116
2033,16116,16118
2034,16116,20918
2035,16118,16120
2036,16120,16122
2037,16122,16136
2038,16123,16124
2039,16123,16144
2040,16124,16126
2041,16126,16128
2042,16129,16130
2043,16129,16216
2044,16130,16132
2045,16132,16134
2046,16136,16138
2047,16136,16196
2048,16138,16140
2049,16140,16123
2050,16144,16146
2051,16146,16148
2052,16148,16150
2053,16148,16204
2054,16150,16152
2055,16152,16154
2056,16154,16156
2057,16156,16158
2058,16158,16160
2059,16160,16162
2060,16162,16095
2061,16166,16168
2062,16168,16170
2063,16170,16172
2064,16172,16174
2065,16174,16176
2066,16176,16178
2067,16178,16180
2068,16180,16182
2069,16182,16184
2070,16184,16186
2071,16186,16188
2072,16188,16190
2073,16190,16192
2074,16193,16136
2075,16196,16198
2076,16198,16200
2077,16200,16202
2078,16204,16206
2079,16206,16208
2080,16208,16210
2081,16210,16212
2082,16212,16129
2083,16216,16218
2084,16218,16220
2085,16220,16222
2086,16222,16224
2087,16224,16226
2088,16226,16085
2089,16232,16234
2090,16234,16236
2091,16236,16238
2092,16238,16240
2093,16240,16083
2094,16244,16246
2095,16246,16248
2096,16248,16250
2097,16250,16092
2098,16254,16256
2099,16256,16258
2100,16258,16260
2101,16260,16262
2102,16262,16264
2103,16264,16266
2104,16266,16268
2105,16268,16270
2106,16270,16162
2107,16274,16276
2108,16276,16278
2109,16278,16280
2110,16280,16282
2111,16282,16284
2112,16284,16286
2113,16286,16288
2114,16288,16290
2115,16290,16292
2116,16292,16294
2117,16294,16296
2118,16296,16298
2119,16298,16300
2120,16300,16302
2121,16302,16304
2122,16304,16107
2123,16308,16310
2124,16310,16312
2125,16312,16122
2126,16315,9620
2127,16315,16316
2128,16316,16318
2129,16318,16320
2130,16320,16322
2131,16322,16324
2132,16324,16824
2133,16326,16328
2134,16328,16330
2135,16330,16332
2136,16332,16334
2137,16334,16336
2138,16336,16338
2139,16338,16340
2140,16340,16342
2141,16342,16344
2142,16344,16346
2143,16346,16348
2144,16348,16350
2145,16350,16352
2146,16352,16354
2147,16354,16356
2148,16356,16326
2149,16359,16360
2150,16360,14518
2151,16360,16362
2152,16362,16315
2153,16362,16818
2154,16368,16370
2155,16368,20922
2156,16370,16372
2157,16372,16374
2158,16374,16376
2159,16376,16378
2160,16378,16380
2161,16380,16382
2162,16382,16384
2163,16384,16386
2164,16386,16388
2165,16388,16390
2166,16390,16392
2167,16392,16394
2168,16394,16396
2169,16396,16370
2170,16400,16402
2171,16402,16404
2172,16407,16408
2173,16407,16446
2174,16408,16410
2175,16410,16412
2176,16412,16414
2177,16414,16416
2178,16416,16418
2179,16418,16420
2180,16420,16422
2181,16422,16424
2182,16422,16428
2183,16424,16426
2184,16428,16430
2185,16430,16432
2186,16432,16434
2187,16434,16436
2188,16436,16438
2189,16438,16440
2190,16440,16442
2191,16443,16407
2192,16480,3799
2193,16480,23384
2194,16484,16486
2195,16509,14574
2196,16509,16510
2197,16510,8516
2198,16514,9016
2199,16518,8949
2200,16518,16520
2201,16520,16522
2202,16522,14486
2203,16526,14552
2204,16526,16528
2205,16528,14358
2206,16750,2127
2207,16756,2735
2208,16764,5512
2209,16774,16776
2210,16774,20485
2211,16776,16778
2212,16778,16780
2213,16778,17302
2214,16780,16782
2215,16782,8023
2216,16788,3694
2217,16792,16794
2218,16794,12172
2219,16794,22985
2220,16800,12504
2221,16818,16820
2222,16818,18590
2223,16820,16324
2224,16820,18564
2225,16824,16826
2226,16824,18596
2227,16826,16828
2228,16828,14576
2229,16860,16862
2230,16862,6996
2231,16866,6974
2232,16876,16878
2233,16878,16880
2234,16878,19528
2235,16880,16882
2236,16882,16884
2237,16882,19600
2238,16884,16886
2239,16886,16509
2240,16900,16902
2241,16902,16904
2242,16904,16906
2243,16906,16908
2244,16908,4240
2245,16912,16914
2246,16914,12254
2247,16918,12210
2248,16922,12229
2249,16928,16930
2250,16930,16932
2251,16932,16934
2252,16934,16936
2253,16936,14762
2254,16943,8288
2255,16943,8290
2256,17290,14774
2257,17294,17296
2258,17296,17298
2259,17298,16778
2260,17302,17304
2261,17304,3731
2262,17304,8024
2263,17310,14920
2264,17631,17632
2265,17631,17764
2266,17632,17634
2267,17632,17640
2268,17634,14468
2269,17634,22688
2270,17638,17634
2271,17638,17640
2272,17640,17642
2273,17642,17644
2274,17642,17680
2275,17644,17631
2276,17650,10416
2277,17651,17644
2278,17651,17680
2279,17654,17650
2280,17655,17656
2281,17655,17754
2282,17656,17668
2283,17657,14548
2284,17665,17656
2285,17665,17750
2286,17668,17682
2287,17670,10412
2288,17670,17654
2289,17674,17676
2290,17676,17678
2291,17676,17720
2292,17680,17665
2293,17680,17682
2294,17682,17760
2295,17689,17690
2296,17689,22698
2297,17690,17692
2298,17692,14496
2299,17696,17698
2300,17698,14300
2301,17702,17704
2302,17704,14348
2303,17707,17708
2304,17707,17724
2305,17708,18742
2306,17709,17710
2307,17709,17732
2308,17710,17712
2309,17712,17714
2310,17714,17716
2311,17716,17710
2312,17720,17707
2313,17724,17726
2314,17726,17728
2315,17732,17734
2316,17732,19811
2317,17734,17736
2318,17736,17738
2319,17738,15718
2320,17743,17651
2321,17750,17655
2322,17754,17668
2323,17760,17743
2324,17764,17766
2325,17766,17768
2326,17768,17770
2327,17770,17772
2328,17772,17774
2329,17774,17776
2330,17776,17778
2331,17778,17780
2332,17780,18678
2333,18147,8293
2334,18149,18150
2335,18150,18151
2336,18151,18147
2337,18157,18158
2338,18157,18844
2339,18158,18160
2340,18160,18162
2341,18162,18164
2342,18164,18166
2343,18166,18168
2344,18168,18170
2345,18170,18172
2346,18220,18222
2347,18222,18224
2348,18224,18226
2349,18226,18228
2350,18228,18230
2351,18230,18232
2352,18232,18234
2353,18234,18236
2354,18236,18238
2355,18238,18240
2356,18240,589
2357,18254,18256
2358,18256,18258
2359,18258,18260
2360,18260,18262
2361,18262,9853
2362,18293,18294
2363,18293,18617
2364,18294,18296
2365,18296,14326
2366,18297,1064
2367,18297,18298
2368,18300,18340
2369,18306,18308
2370,18308,18310
2371,18310,18312
2372,18312,18314
2373,18314,18316
2374,18316,18318
2375,18318,18320
2376,18320,18322
2377,18322,18324
2378,18322,21144
2379,18340,18322
2380,18340,18342
2381,18342,18344
2382,18344,18346
2383,18346,18348
2384,18348,18350
2385,18350,18352
2386,18352,18354
2387,18354,18356
2388,18356,14322
2389,18359,18360
2390,18359,18375
2391,18360,18362
2392,18360,18374
2393,18362,18382
2394,18363,18364
2395,18363,21160
2396,18364,18366
2397,18366,18368
2398,18368,18388
2399,18369,18370
2400,18369,21166
2401,18370,18360
2402,18370,18368
2403,18374,18378
2404,18375,18374
2405,18378,18362
2406,18382,18370
2407,18388,18359
2408,18393,18394
2409,18393,18420
2410,18394,18396
2411,18394,18402
2412,18396,18398
2413,18396,18410
2414,18399,18394
2415,18399,18406
2416,18403,14310
2417,18403,18404
2418,18404,18406
2419,18404,18415
2420,18406,18396
2421,18411,18393
2422,18411,18399
2423,18415,18398
2424,18422,18403
2425,18422,18424
2426,18424,18404
2427,18433,18434
2428,18434,18436
2429,18434,18476
2430,18436,18438
2431,18436,18470
2432,18438,18440
2433,18438,18513
2434,18440,18442
2435,18440,18454
2436,18442,18444
2437,18442,18516
2438,18444,18446
2439,18444,18462
2440,18450,18440
2441,18454,18456
2442,18454,18462
2443,18456,18472
2444,18457,18458
2445,18457,18522
2446,18458,18444
2447,18458,18532
2448,18462,18464
2449,18462,18504
2450,18464,18456
2451,18464,18466
2452,18466,18538
2453,18470,18454
2454,18470,18472
2455,18472,18492
2456,18473,18434
2457,18473,18470
2458,18476,18478
2459,18478,18480
2460,18480,18482
2461,18482,18476
2462,18485,18464
2463,18492,18494
2464,18494,18473
2465,18494,18506
2466,18510,18512
2467,18512,20742
2468,18513,18514
2469,18513,18526
2470,18516,18458
2471,18516,18518
2472,18518,18457
2473,18526,18528
2474,18534,18466
2475,18538,18540
2476,18540,18542
2477,18542,18544
2478,18544,22756
2479,18545,18546
2480,18545,18552
2481,18546,18548
2482,18552,18554
2483,18552,18559
2484,18554,18556
2485,18554,18576
2486,18556,18558
2487,18558,20310
2488,18559,18560
2489,18560,18562
2490,18560,22060
2491,18562,18572
2492,18564,18566
2493,18564,20304
2494,18566,18568
2495,18566,20322
2496,18568,18562
2497,18568,18586
2498,18572,18554
2499,18572,20311
2500,18576,18578
2501,18576,18580
2502,18579,18580
2503,18580,18546
2504,18580,18552
2505,18586,18588
2506,18588,18602
2507,18590,18592
2508,18590,20326
2509,18592,18588
2510,18596,18598
2511,18596,20310
2512,18598,18556
2513,18602,18604
2514,18602,18606
2515,18606,18592
2516,18607,18606
2517,18614,18616
2518,18617,18296
2519,18617,18297
2520,18621,18622
2521,18622,18624
2522,18624,18626
2523,18626,18628
2524,18628,18630
2525,18630,18632
2526,18632,18634
2527,18634,18636
2528,18636,3086
2529,18640,18667
2530,18643,8352
2531,18643,18644
2532,18644,18646
2533,18648,18650
2534,18650,18652
2535,18652,18654
2536,18654,18656
2537,18656,18658
2538,18658,18660
2539,18660,18662
2540,18662,18664
2541,18666,14460
2542,18667,8550
2543,18672,18674
2544,18678,17689
2545,18679,18680
2546,18680,18682
2547,18682,18684
2548,18684,18686
2549,18686,18688
2550,18688,18690
2551,18690,18692
2552,18692,18694
2553,18694,18696
2554,18696,18698
2555,18698,18700
2556,18700,18702
2557,18702,18704
2558,18704,18706
2559,18706,18708
2560,18708,18710
2561,18710,18712
2562,18712,18679
2563,18715,18716
2564,18716,18718
2565,18718,18720
2566,18720,18722
2567,18722,18724
2568,18724,18726
2569,18726,18728
2570,18728,18730
2571,18730,18732
2572,18732,18734
2573,18734,18736
2574,18736,18738
2575,18738,17708
2576,18742,18744
2577,18744,18746
2578,18746,18748
2579,18748,18715
2580,18752,18672
2581,18755,18756
2582,18756,18758
2583,18759,8570
2584,18759,18644
2585,18791,18792
2586,18792,18794
2587,18794,18796
2588,18796,5428
2589,18802,18804
2590,18804,18806
2591,18806,18808
2592,18808,18810
2593,18810,18812
2594,18812,18814
2595,18814,18816
2596,18816,18818
2597,18818,18820
2598,18820,18822
2599,18822,18824
2600,18824,18826
2601,18826,18828
2602,18828,18830
2603,18830,18832
2604,18832,18834
2605,18834,18836
2606,18836,18838
2607,18838,18840
2608,18840,608
2609,18844,18846
2610,18846,18848
2611,18848,18850
2612,18850,18852
2613,18852,18854
2614,18870,18872
2615,18872,18874
2616,18874,18876
2617,18876,18878
2618,18878,18880
2619,18880,15138
2620,18884,18886
2621,18886,18888
2622,18888,18890
2623,18890,18892
2624,18892,901
2625,18895,5960
2626,18934,18895
2627,18950,11329
2628,18954,14560
2629,18956,8886
2630,18959,18960
2631,18960,18978
2632,18967,18968
2633,18968,8883
2634,18970,8456
2635,18975,18960
2636,18978,18980
2637,18980,18982
2638,18982,18984
2639,18984,18986
2640,18986,18988
2641,18988,18990
2642,18990,8882
2643,18994,18996
2644,18996,18998
2645,18998,18967
2646,18998,19000
2647,19000,18975
2648,19017,19018
2649,19018,14357
2650,19020,19022
2651,19022,19024
2652,19024,19026
2653,19026,19028
2654,19028,19030
2655,19030,20904
2656,19034,19036
2657,19036,19038
2658,19038,19040
2659,19038,19058
2660,19040,19042
2661,19042,19044
2662,19044,19046
2663,19046,19048
2664,19048,19050
2665,19050,19052
2666,19052,19054
2667,19054,15212
2668,19058,19060
2669,19060,19062
2670,19062,19064
2671,19064,19066
2672,19066,19068
2673,19068,19018
2674,19071,19072
2675,19071,19192
2676,19072,19074
2677,19074,19076
2678,19076,19078
2679,19078,19080
2680,19080,19082
2681,19082,19084
2682,19084,19086
2683,19086,19088
2684,19088,19090
2685,19090,19092
2686,19092,19094
2687,19094,19096
2688,19096,19098
2689,19098,19100
2690,19100,19102
2691,19102,19104
2692,19104,19106
2693,19106,19108
2694,19108,19110
2695,19110,19112
2696,19112,19114
2697,19114,19116
2698,19116,19118
2699,19118,19120
2700,19120,19122
2701,19122,5633
2702,19125,19126
2703,19126,19128
2704,19128,19130
2705,19130,19132
2706,19132,19134
2707,19134,19136
2708,19136,19138
2709,19138,19116
2710,19141,19142
2711,19142,19144
2712,19144,19146
2713,19146,19148
2714,19148,609
2715,19151,19152
2716,19152,14392
2717,19160,19162
2718,19160,19594
2719,19162,19164
2720,19162,19672
2721,19164,19166
2722,19164,19586
2723,19166,19168
2724,19166,19584
2725,19168,19170
2726,19170,14378
2727,19170,19580
2728,19173,14362
2729,19176,19178
2730,19178,19180
2731,19180,19182
2732,19182,19184
2733,19184,19186
2734,19186,19188
2735,19188,19190
2736,19190,19308
2737,19192,19194
2738,19194,19196
2739,19196,19198
2740,19198,19200
2741,19200,19202
2742,19202,19204
2743,19204,19206
2744,19206,19208
2745,19208,19210
2746,19210,19212
2747,19212,19214
2748,19214,19216
2749,19216,19218
2750,19218,19141
2751,19222,19224
2752,19224,19226
2753,19226,19228
2754,19228,19230
2755,19230,19232
2756,19232,19234
2757,19234,19236
2758,19236,19238
2759,19238,19125
2760,19242,19244
2761,19244,19246
2762,19246,19248
2763,19248,19141
2764,19252,19254
2765,19254,19256
2766,19256,19258
2767,19258,19260
2768,19260,19262
2769,19262,12421
2770,19268,19270
2771,19270,19272
2772,19272,19274
2773,19274,19276
2774,19276,19278
2775,19278,19280
2776,19280,19282
2777,19282,19284
2778,19284,19326
2779,19285,19286
2780,19286,19288
2781,19288,19290
2782,19290,1928
2783,19291,19292
2784,19291,19320
2785,19292,19294
2786,19294,19296
2787,19296,19298
2788,19298,19300
2789,19300,19302
2790,19302,19304
2791,19304,19285
2792,19308,19310
2793,19310,19312
2794,19312,19314
2795,19314,1
2796,19320,19322
2797,19322,19071
2798,19326,19328
2799,19328,19330
2800,19330,19332
2801,19332,19334
2802,19334,19312
2803,19344,19346
2804,19346,19348
2805,19348,19350
2806,19350,19352
2807,19352,19354
2808,19354,19356
2809,19356,19358
2810,19358,19360
2811,19360,19362
2812,19362,19364
2813,19364,19366
2814,19366,19368
2815,19368,19370
2816,19370,19372
2817,19372,19374
2818,19374,19376
2819,19376,19378
2820,19378,19380
2821,19380,19290
2822,19501,16880
2823,19501,19502
2824,19502,19504
2825,19502,19600
2826,19504,19506
2827,19504,19595
2828,19506,19508
2829,19506,19566
2830,19508,19510
2831,19508,19568
2832,19510,19512
2833,19510,19524
2834,19512,8946
2835,19512,19572
2836,19516,19518
2837,19516,19576
2838,19518,19578
2839,19519,19520
2840,19519,19612
2841,19520,19510
2842,19520,19614
2843,19524,19526
2844,19524,19572
2845,19526,19638
2846,19528,19530
2847,19528,19562
2848,19530,19532
2849,19532,19534
2850,19534,19536
2851,19536,19538
2852,19538,19540
2853,19540,19542
2854,19542,19544
2855,19544,19546
2856,19546,19548
2857,19548,19550
2858,19550,19552
2859,19552,19554
2860,19554,19556
2861,19556,19501
2862,19562,19564
2863,19564,19566
2864,19564,19648
2865,19566,19568
2866,19566,19664
2867,19568,19524
2868,19568,19638
2869,19572,8944
2870,19572,19620
2871,19576,19578
2872,19576,19654
2873,19578,19652
2874,19580,19582
2875,19582,19168
2876,19582,19584
2877,19584,19586
2878,19586,19588
2879,19588,19590
2880,19590,19592
2881,19592,19594
2882,19594,19588
2883,19595,19564
2884,19595,19596
2885,19596,19502
2886,19600,19602
2887,19600,19640
2888,19602,19604
2889,19604,19606
2890,19604,19640
2891,19606,19608
2892,19606,19682
2893,19608,19519
2894,19608,19632
2895,19612,19614
2896,19614,19512
2897,19620,19526
2898,19632,19508
2899,19632,19520
2900,19638,19664
2901,19640,19504
2902,19640,19682
2903,19648,19668
2904,19652,19654
2905,19654,8942
2906,19664,19648
2907,19668,19562
2908,19672,19674
2909,19674,19676
2910,19674,19690
2911,19682,19506
2912,19682,19632
2913,19802,19804
2914,19804,19806
2915,19806,1068
2916,19811,15716
2917,19811,19816
2918,19816,19818
2919,19818,15714
2920,20182,20184
2921,20184,20186
2922,20224,1762
2923,20224,23420
2924,20230,23403
2925,20258,20260
2926,20260,20262
2927,20262,20264
2928,20264,20266
2929,20266,20268
2930,20268,20270
2931,20304,20306
2932,20306,18596
2933,20310,16826
2934,20311,18598
2935,20311,20306
2936,20322,18590
2937,20322,21510
2938,20326,16360
2939,20480,17290
2940,20485,20486
2941,20486,20488
2942,20488,20490
2943,20490,20492
2944,20492,20494
2945,20494,20496
2946,20496,20498
2947,20498,20500
2948,20500,20502
2949,20502,20504
2950,20504,20506
2951,20506,20508
2952,20508,20510
2953,20510,20512
2954,20512,20514
2955,20514,20516
2956,20516,20518
2957,20518,20520
2958,20520,20522
2959,20522,20485
2960,20525,20526
2961,20525,20568
2962,20526,20528
2963,20528,20530
2964,20530,20532
2965,20532,20534
2966,20534,20536
2967,20536,20538
2968,20538,20540
2969,20540,20542
2970,20542,20544
2971,20544,20546
2972,20546,20548
2973,20548,20550
2974,20550,20552
2975,20552,20554
2976,20554,20556
2977,20556,20558
2978,20558,20525
2979,20562,20564
2980,20564,15032
2981,20568,20570
2982,20570,16774
2983,20576,20578
2984,20578,20580
2985,20580,20582
2986,20582,20584
2987,20584,20586
2988,20586,20588
2989,20588,20590
2990,20590,20592
2991,20592,15022
2992,20596,20598
2993,20598,20600
2994,20600,20602
2995,20602,20604
2996,20604,20606
2997,20606,20608
2998,20608,20568
2999,20672,2479
3000,20680,12242
3001,20680,23179
3002,20688,20690
3003,20688,21466
3004,20690,20672
3005,20718,18895
3006,20739,15019
3007,20739,20746
3008,20742,18538
3009,20746,12158
3010,20750,20739
3011,20754,20756
3012,20756,14799
3013,20796,14890
3014,20797,5500
3015,20797,20798
3016,20798,5498
3017,20800,12286
3018,20815,2533
3019,20815,20816
3020,20816,2536
3021,20896,20898
3022,20898,20900
3023,20900,9839
3024,20904,20906
3025,20906,20908
3026,20908,20910
3027,20910,20912
3028,20912,20914
3029,20914,19017
3030,20918,20920
3031,20922,20924
3032,20924,20926
3033,20926,20928
3034,20928,20922
3035,20995,20996
3036,20995,20998
3037,20996,2501
3038,20998,21000
3039,21000,21002
3040,21002,21004
3041,21004,21006
3042,21006,21008
3043,21008,21010
3044,21010,21012
3045,21012,4013
3046,21016,21018
3047,21018,21020
3048,21020,21022
3049,21022,21024
3050,21024,21026
3051,21026,21028
3052,21028,20995
3053,21076,12276
3054,21082,20815
3055,21102,5450
3056,21110,6552
3057,21114,11321
3058,21124,8202
3059,21128,18293
3060,21138,18340
3061,21144,21146
3062,21146,21148
3063,21148,21150
3064,21150,21152
3065,21152,21154
3066,21154,21156
3067,21156,18363
3068,21160,21162
3069,21162,18369
3070,21166,5434
3071,21170,5476
3072,21259,21260
3073,21260,21262
3074,21262,21264
3075,21264,21266
3076,21266,6758
3077,21461,21462
3078,21462,20688
3079,21466,14222
3080,21471,20690
3081,21485,21486
3082,21485,21668
3083,21486,21488
3084,21488,21490
3085,21490,8272
3086,21493,21494
3087,21493,21678
3088,21494,21496
3089,21496,8270
3090,21499,8230
3091,21499,21500
3092,21500,12532
3093,21504,21499
3094,21504,21760
3095,21510,18586
3096,21514,16800
3097,21517,3060
3098,21517,21662
3099,21519,21520
3100,21519,21606
3101,21520,4474
3102,21520,21576
3103,21523,21524
3104,21524,21526
3105,21526,21528
3106,21528,21530
3107,21530,21532
3108,21532,21534
3109,21534,21536
3110,21536,21538
3111,21538,21540
3112,21540,21542
3113,21542,21544
3114,21544,21546
3115,21546,21548
3116,21548,21550
3117,21550,21552
3118,21552,21554
3119,21552,21728
3120,21554,21556
3121,21556,21558
3122,21558,21560
3123,21560,21562
3124,21562,21564
3125,21564,21566
3126,21566,21568
3127,21568,21570
3128,21570,21572
3129,21572,21523
3130,21576,21578
3131,21578,21580
3132,21580,21582
3133,21582,21584
3134,21584,21586
3135,21586,21588
3136,21588,21590
3137,21590,21592
3138,21592,21594
3139,21594,21596
3140,21596,21598
3141,21596,21764
3142,21598,21600
3143,21600,21602
3144,21602,8226
3145,21606,21608
3146,21608,21610
3147,21610,21612
3148,21612,21614
3149,21614,21616
3150,21616,21618
3151,21618,21620
3152,21620,21622
3153,21622,21624
3154,21624,21626
3155,21626,21628
3156,21626,21748
3157,21628,21630
3158,21630,21632
3159,21632,21634
3160,21634,21636
3161,21636,21638
3162,21638,21640
3163,21640,21642
3164,21642,21644
3165,21644,21646
3166,21646,21648
3167,21648,21650
3168,21650,21652
3169,21652,21654
3170,21654,21656
3171,21656,21658
3172,21658,21517
3173,21662,21664
3174,21664,21485
3175,21668,21670
3176,21670,21672
3177,21672,21674
3178,21674,21493
3179,21678,21680
3180,21680,21682
3181,21682,21684
3182,21684,4472
3183,21684,21686
3184,21686,21688
3185,21688,21690
3186,21690,21692
3187,21692,21694
3188,21694,21696
3189,21696,21698
3190,21698,21700
3191,21700,21702
3192,21702,21704
3193,21704,21706
3194,21706,21708
3195,21708,21710
3196,21710,21712
3197,21712,21714
3198,21714,21716
3199,21716,21718
3200,21718,21720
3201,21720,21722
3202,21722,21724
3203,21724,21519
3204,21728,21730
3205,21730,21732
3206,21732,21734
3207,21734,21736
3208,21736,21738
3209,21738,21740
3210,21740,21742
3211,21742,21744
3212,21744,21746
3213,21746,21748
3214,21748,3058
3215,21760,12536
3216,21764,21766
3217,21766,21768
3218,21768,21770
3219,21770,21772
3220,21772,21774
3221,21774,21776
3222,21776,21528
3223,22030,3066
3224,22042,22044
3225,22044,1478
3226,22048,22050
3227,22050,3054
3228,22050,4252
3229,22262,21138
3230,22266,21128
3231,22670,22672
3232,22672,16526
3233,22678,8536
3234,22682,17638
3235,22688,22690
3236,22690,17780
3237,22698,11336
3238,22716,22718
3239,22718,3858
3240,22732,22734
3241,22734,1756
3242,22739,18540
3243,22742,22744
3244,22745,14720
3245,22745,22746
3246,22746,22748
3247,22748,22750
3248,22750,18648
3249,22756,22758
3250,22758,22745
3251,22763,22764
3252,22764,22766
3253,22828,12380
3254,22832,1770
3255,22844,22846
3256,22846,9810
3257,22897,4436
3258,22900,22902
3259,22902,22904
3260,22904,22906
3261,22906,22908
3262,22908,22910
3263,22910,22912
3264,22912,22914
3265,22914,22916
3266,22916,22897
3267,22949,22950
3268,22949,22972
3269,22950,22952
3270,22951,22949
3271,22951,22952
3272,22952,22980
3273,22953,22954
3274,22954,22964
3275,22955,22956
3276,22956,22958
3277,22958,22954
3278,22964,22966
3279,22972,22974
3280,22974,22950
3281,22980,12556
3282,22985,22986
3283,22985,23022
3284,22986,22988
3285,22988,23022
3286,22989,22990
3287,22989,23040
3288,22990,22992
3289,22992,22994
3290,22994,22989
3291,22995,22994
3292,22995,22996
3293,22996,22998
3294,22998,23000
3295,23002,23004
3296,23002,23008
3297,23004,23006
3298,23008,23010
3299,23008,23014
3300,23010,23012
3301,23012,23014
3302,23014,22994
3303,23014,23016
3304,23016,23004
3305,23022,23024
3306,23024,23026
3307,23026,22988
3308,23040,23042
3309,23042,22995
3310,23048,23050
3311,23050,23052
3312,23052,23054
3313,23054,12196
3314,23054,23056
3315,23056,23058
3316,23058,12235
3317,23058,23060
3318,23060,23062
3319,23062,23054
3320,23066,23068
3321,23068,23070
3322,23070,23072
3323,23072,23074
3324,23072,23120
3325,23074,23076
3326,23076,23078
3327,23078,23080
3328,23080,23082
3329,23082,23084
3330,23084,23086
3331,23086,23088
3332,23088,23090
3333,23090,23092
3334,23092,23094
3335,23094,23096
3336,23096,23090
3337,23096,23098
3338,23098,23103
3339,23099,23068
3340,23099,23105
3341,23101,23076
3342,23101,23099
3343,23103,23088
3344,23103,23109
3345,23105,12192
3346,23105,23066
3347,23107,23084
3348,23107,23101
3349,23109,23086
3350,23109,23125
3351,23120,23122
3352,23122,23080
3353,23125,2554
3354,23125,23107
3355,23145,23146
3356,23145,23175
3357,23146,23148
3358,23148,23150
3359,23150,23152
3360,23152,23154
3361,23152,23158
3362,23154,23156
3363,23156,23158
3364,23158,23160
3365,23160,23162
3366,23162,3344
3367,23162,23150
3368,23167,3342
3369,23167,23148
3370,23169,23146
3371,23169,23167
3372,23171,23172
3373,23171,23178
3374,23175,23171
3375,23175,23204
3376,23179,23180
3377,23179,23184
3378,23180,23182
3379,23182,23184
3380,23184,23196
3381,23185,23145
3382,23185,23169
3383,23196,23198
3384,23198,23179
3385,23204,23206
3386,23206,23185
3387,23353,23354
3388,23354,23356
3389,23356,23358
3390,23358,23360
3391,23360,23362
3392,23362,23364
3393,23364,23366
3394,23366,23368
3395,23368,23370
3396,23370,23372
3397,23372,23353
3398,23375,23376
3399,23376,23378
3400,23378,23380
3401,23380,23375
3402,23384,23386
3403,23386,23388
3404,23386,23412
3405,23388,23390
3406,23388,23398
3407,23390,23392
3408,23390,23396
3409,23392,23394
3410,23394,23396
3411,23396,23398
3412,23398,3800
3413,23398,23412
3414,23401,15708
3415,23401,23416
3416,23403,23404
3417,23403,23413
3418,23407,15702
3419,23407,23462
3420,23412,23432
3421,23413,23414
3422,23413,23452
3423,23416,23407
3424,23420,23401
3425,23432,23384
3426,23445,23446
3427,23446,23448
3428,23448,23450
3429,23450,23452
3430,23452,23445
3431,23462,15700
