1,446503.791558,4634626.359958
8297,446910.818873,4636189.184304
253,446948.265334,4636167.475831
254,446935.583956,4636167.281617
9832,446839.740943,4636167.729873
448,446946.857363,4635511.590347
8322,446946.65047,4635527.269783
9818,446931.129365,4635511.441019
469,446012.829631,4636139.163192
470,446078.847199,4636136.331371
9516,446071.767019,4636143.790918
872,446128.678789,4636137.353301
18802,446129.774966,4636131.970985
589,446355.901501,4636089.292859
590,446374.057707,4636061.619824
592,446380.750874,4636050.099672
594,446386.994295,4636038.360846
596,446393.254609,4636025.555978
598,446397.84157,4636013.141222
600,446401.53026,4636000.455646
602,446404.475139,4635988.175389
604,446406.520988,4635975.524385
606,446408.136732,4635960.855809
608,446410.27337,4635892.987182
19034,446412.079123,4635867.169421
609,446509.200608,4635861.809303
610,446502.630904,4635917.441981
18884,446510.374656,4635910.954987
612,446500.458011,4635941.930072
614,446497.741834,4635965.900389
616,446495.012334,4635988.094273
618,446491.33808,4636013.770604
620,446485.610169,4636052.1757
622,446483.555123,4636068.035618
624,446482.782176,4636076.71314
626,446483.010077,4636083.85088
628,446484.061151,4636091.204501
630,446485.058636,4636096.948541
632,446493.107701,4636126.711659
634,446498.119315,4636145.405358
636,446500.985158,4636162.36085
638,446501.417153,4636169.052924
640,446501.22084,4636176.060611
642,446500.710833,4636182.182387
644,446499.85636,4636187.74048
646,446498.326674,4636195.102388
829,446546.448463,4635237.333417
830,446545.523615,4635286.628044
19151,446537.135888,4635237.258953
19242,446541.130908,4635323.923788
19252,446547.038483,4635323.71291
833,446715.295855,4634637.31085
834,446714.928514,4634700.291608
836,446709.378549,4634967.001537
3806,446490.434145,4634696.777592
838,446706.382427,4635174.500654
840,446705.471744,4635226.948476
1928,446548.279798,4635171.687892
9782,446827.756896,4635228.133272
10408,446705.251973,4635238.619716
874,446170.419972,4636134.062
876,446251.928958,4636123.286853
878,446270.978034,4636121.633069
880,446287.054169,4636120.801196
882,446304.098314,4636120.68378
884,446318.74794,4636121.061897
886,446326.373705,4636120.993321
888,446334.062256,4636120.446836
890,446347.286872,4636116.727509
892,446353.938218,4636113.990396
894,446359.963874,4636110.813867
896,446366.20706,4636106.769644
898,446371.956658,4636102.196182
900,446390.580333,4636082.602908
5964,446402.919152,4636069.230439
901,446494.603987,4636064.088642
902,446494.774041,4636071.260126
904,446495.554395,4636077.927376
906,446497.091787,4636084.844315
908,446499.145362,4636090.880213
910,446502.217546,4636097.741212
912,446505.358528,4636102.714126
914,446509.247743,4636107.870178
916,446513.223811,4636112.437104
918,446518.848544,4636117.746679
920,446523.765652,4636121.651446
922,446529.710537,4636125.393053
924,446534.269117,4636127.968118
926,446540.622972,4636130.918326
928,446546.771255,4636133.015126
930,446552.34919,4636134.305667
932,446558.189075,4636135.116802
934,446595.958972,4636136.721063
936,446630.62749,4636138.626346
938,446706.308461,4636147.408657
15158,446716.441835,4636147.543801
978,446331.22275,4636199.546311
980,446329.059361,4636192.167781
982,446327.988281,4636184.381298
984,446327.728652,4636175.256298
986,446328.177148,4636169.801172
988,446328.891917,4636165.543201
990,446330.384616,4636159.902553
992,446331.9208,4636155.62729
994,446335.837039,4636147.836537
996,446338.902914,4636142.828032
998,446341.758818,4636138.587241
1000,446346.168805,4636133.546406
1002,446351.615543,4636128.431145
1004,446355.353703,4636125.638253
1006,446359.905319,4636122.872547
1008,446364.196086,4636120.730597
1010,446368.506461,4636118.988222
1012,446376.396219,4636116.508284
1014,446381.2509,4636115.416917
1016,446386.814422,4636114.786557
1018,446395.081645,4636115.046327
1020,446403.312807,4636116.028096
1022,446421.215409,4636119.712949
1024,446488.328291,4636134.508807
1026,446513.166601,4636139.074464
1028,446572.010806,4636149.03663
1043,444710.518485,4636132.720918
1044,444732.711507,4636137.367543
21124,445071.666005,4636138.853628
1046,444772.646628,4636144.152833
1048,444827.889399,4636151.630297
1050,444889.345168,4636156.650672
1052,445013.497681,4636171.613333
1053,445040.711511,4636172.036174
1054,445120.400297,4636163.282905
6732,445140.60706,4636174.064065
1056,445180.247692,4636159.92402
1058,445255.34893,4636155.648931
1060,445270.425144,4636154.300588
1062,445284.834797,4636152.60209
1064,445354.568571,4636143.117388
21138,445471.481363,4636144.741795
1066,446950.424818,4635240.609393
1068,446926.255803,4635240.478513
9866,446949.951856,4635272.945785
1070,446876.32262,4635239.995722
1072,446827.527134,4635239.60472
1207,443288.600388,4636118.973938
1208,443336.512159,4636129.940308
21170,443450.486064,4636115.543793
1210,443411.080166,4636147.368315
1212,443478.751118,4636159.488872
6571,443555.57389,4636159.945553
1215,444719.140859,4635434.483982
1216,444720.494153,4635369.307729
1218,444721.938286,4635299.789358
1220,444804.034187,4635369.115214
1222,444810.359045,4635364.924652
1224,444812.745629,4635302.316417
1226,444812.441546,4635257.705401
1244,444849.228696,4635302.144926
1252,444744.615599,4635257.398384
1243,444849.239344,4635247.771608
1246,444848.347637,4635352.36122
1250,444891.81175,4635301.959743
2599,444894.069033,4635321.251053
1259,444935.832486,4635323.493007
1260,444937.081637,4635258.539714
2602,444968.859475,4635327.179504
6710,443275.03552,4636158.976604
21076,443035.902088,4636125.309783
1295,444838.961206,4635635.336933
1296,444837.461721,4635681.760688
1298,444888.139743,4635682.312204
12512,444886.881915,4635737.483545
1303,444977.33224,4635302.342433
1304,444979.027141,4635259.592459
1307,445020.183091,4635303.521663
1306,445050.262966,4635259.753268
1308,445020.126894,4635341.406805
1325,444155.513102,4635912.329134
1326,444274.077738,4635913.421355
17290,444274.970655,4635879.049336
1365,443064.284389,4635695.657415
1366,443054.224899,4635695.526862
12570,443063.975062,4635717.178341
1773,443055.431145,4635597.262946
9810,446943.498317,4635765.914876
1467,445085.678019,4635927.359359
1468,444884.259461,4635925.173258
1480,445086.124486,4635905.615496
12524,444883.267869,4635971.837366
1469,445495.332547,4635911.77702
1470,445440.816029,4635910.406759
14508,445494.498202,4635880.827208
1472,445437.695381,4635910.364043
22030,445441.463519,4635858.426917
1474,445363.67137,4635909.365899
1476,445212.695845,4635907.63871
4488,445364.947776,4635857.22577
1478,445130.361339,4635906.207266
22048,445128.473799,4635898.182959
8218,445086.496777,4635881.784769
1567,444900.806547,4634706.083311
1568,444901.008854,4634612.025147
4598,444702.84686,4634609.674009
1571,444895.789588,4635203.553071
1572,444896.220937,4635094.070476
8246,445097.137926,4635204.75219
1574,444893.300146,4635085.57678
1628,444902.027858,4635095.846518
1576,444893.948011,4635077.055483
1578,444897.327072,4635070.755943
1630,444912.598058,4635093.233213
1632,444917.552999,4635088.942311
1634,444920.344692,4635081.814571
1636,444916.723985,4635074.036893
1638,444908.845651,4635068.423985
1751,446475.542292,4634831.384008
1752,446467.756457,4634831.320363
19344,446476.250363,4634848.300157
1754,446414.965633,4634830.906641
3808,446473.715747,4634696.514544
1756,446318.561992,4634830.954999
14401,446320.682372,4634694.856631
1757,444758.214387,4634810.493121
1758,444698.552893,4634810.378552
3810,444701.861174,4634708.335099
1759,443070.490813,4634791.900058
10264,443069.937927,4634829.700508
1761,446955.611571,4634838.119956
1762,446835.53152,4634836.350132
15699,446953.069632,4635035.144998
16480,446956.064934,4634817.630969
3802,446837.030797,4634702.455173
1769,445219.418479,4635588.309454
1770,445133.947086,4635587.379475
4250,445220.297912,4635482.50977
1772,445090.647026,4635586.913668
8230,445091.33388,4635532.823833
4674,443056.73252,4635496.355668
1777,446698.761788,4635598.005342
1778,446821.011951,4635598.690529
4482,446697.244363,4635682.468655
1780,446928.942666,4635600.017441
12420,446822.026726,4635515.618946
1781,445302.608416,4634919.136644
1782,445303.197237,4634818.524603
1812,445323.271066,4634919.688664
1784,445305.078551,4634717.602868
8256,445102.840145,4634813.792073
1786,445306.460317,4634617.551045
3812,445103.699136,4634714.132792
4594,445104.285749,4634614.664383
1789,445295.884433,4635483.216916
1790,445297.090583,4635431.699131
8268,445371.500505,4635484.535323
1792,445297.710912,4635394.675742
4492,445398.314776,4635433.576264
1794,445298.075413,4635352.435737
3726,445093.252751,4635391.996061
1796,445298.14579,4635344.307533
8238,445093.956638,4635349.797823
1798,445298.75756,4635308.327932
4494,445399.562183,4635346.194333
1800,445299.423375,4635267.495747
4496,445400.085603,4635309.449294
1802,445300.502913,4635222.17463
4498,445400.470599,4635268.719211
1804,445300.616394,4635208.849723
8244,445097.036719,4635219.620381
1806,445300.715585,4635162.314767
14952,445424.786725,4635210.040391
1808,445300.799853,4635120.321204
22828,445425.896702,4635164.252736
1810,445303.114246,4635018.541134
8250,445097.747507,4635116.919852
2750,445098.637,4635015.861261
1811,445321.635393,4635019.109585
2030,445393.801919,4634920.56899
9776,446546.75743,4635225.417225
2025,445100.983313,4634916.43476
2032,445405.172617,4634916.218165
5422,445407.016039,4634911.995868
2033,444834.952723,4634910.783798
2034,444697.058402,4634909.765344
2036,444490.934577,4634909.291894
2038,444297.504759,4634906.093652
12194,444489.80008,4635008.698198
2040,444288.003969,4634905.36849
2042,444279.495671,4634905.25737
20688,444289.910132,4634805.223265
2044,444084.95521,4634904.416394
2046,443880.822543,4634900.758287
14222,444085.899456,4634803.690134
2048,443666.373047,4634898.197996
12232,443883.398837,4634801.062815
2050,443476.877273,4634898.277521
4088,443475.957493,4634804.305584
2051,446056.838071,4634961.25293
2052,446061.090797,4634958.389382
6994,445976.027255,4634959.655653
2054,446062.461655,4634951.994584
9530,446064.747403,4634960.104925
2056,446065.167847,4634839.119776
2058,446062.235144,4634827.783263
6970,446048.66647,4634823.633414
2127,443810.73373,4635467.451008
2128,443810.945345,4635460.609639
2883,443720.34499,4635466.254747
2130,443812.722364,4635334.460919
14758,443860.020244,4635460.75569
2598,443871.605978,4635334.340952
6534,444683.102791,4636156.550722
2349,443201.944108,4634993.432789
2350,443202.426328,4634850.894399
2549,443135.962249,4634992.648891
2405,446823.72721,4635431.009998
2406,446701.664038,4635429.079745
2609,446825.561368,4635338.727667
10420,446700.177902,4635507.757963
2477,446816.252651,4635938.277093
2478,446693.266283,4635937.131254
18636,446816.614617,4635915.623584
14256,446691.654312,4636027.779884
2479,444289.352038,4634610.69638
2480,444289.446433,4634604.722023
2501,444272.488274,4636124.986975
2502,444272.545282,4636119.545859
21110,444275.899709,4636125.08242
2504,444272.859143,4636017.536409
15028,444243.0252,4636017.492311
2533,443154.869893,4636122.171889
2534,443155.008674,4636116.685683
20798,443206.754194,4636120.314526
2536,443156.142231,4636054.919317
2538,443156.922129,4636012.264793
20797,443208.029992,4636055.515803
2540,443157.137101,4636003.846673
5502,443259.003272,4636004.866503
2541,443157.241523,4635904.625544
2542,443159.730238,4635717.312985
5506,443259.415352,4635905.543019
2544,443163.119371,4635461.829364
2546,443163.065779,4635455.112218
12322,443067.236594,4635460.696324
2548,443165.342377,4635293.150608
5514,443266.368422,4635456.27628
2592,443069.455952,4635292.883595
2550,443136.207548,4634873.6294
12224,443099.911231,4634992.05954
2551,444756.270198,4635111.032105
2552,444695.249317,4635109.75119
2554,444632.305756,4635108.841047
12106,444701.756998,4635123.746449
12140,444696.505688,4635009.644494
2555,443072.645155,4635061.529381
2556,443062.295894,4635061.600978
12310,443071.757583,4635123.915499
14878,443063.145573,4635004.866808
14890,443005.03261,4636002.042065
2589,443267.251104,4635294.070465
5520,443268.042218,4635245.420083
12318,443067.661527,4635419.365968
2593,443541.309148,4635329.689302
2594,443722.866369,4635332.6275
2740,443543.919021,4635205.543574
2888,443724.863132,4635207.165432
14842,443869.350997,4635291.466269
12500,444893.660461,4635348.901621
2604,444977.36715,4635321.906308
2610,446703.385914,4635337.531015
12478,446826.613331,4635285.079652
10416,446703.154873,4635349.912955
2611,444283.015437,4635294.825555
2612,444273.63569,4635294.654644
17310,444284.502015,4635230.214395
2614,444093.646201,4635292.711609
12488,444096.368482,4635212.334965
2735,443539.564338,4635464.531893
2736,443539.72408,4635456.41403
5466,443498.605803,4635464.345878
14744,443545.226178,4635456.370424
2742,443543.806403,4635191.3321
14932,443287.476178,4635203.26112
14584,443870.425271,4635195.013649
2749,445025.260348,4635015.005829
2789,446466.791359,4634966.888133
2790,446330.307363,4634965.505504
12489,446467.864384,4634899.815972
2792,446315.986232,4634966.079736
2794,446226.600943,4634964.355474
12490,446318.916469,4634900.037249
2795,446832.901928,4634968.910054
20224,446833.643875,4634931.530748
2884,443720.302536,4635460.881031
16756,443617.190567,4635464.894176
14752,443795.527545,4635461.95264
2915,445784.548376,4635228.789631
2916,445775.537209,4635214.890196
14646,445628.347483,4635226.082752
2918,445702.672447,4635101.213876
14960,445904.903894,4635217.337667
2920,445666.238785,4635042.688288
9568,445666.271372,4635124.231052
2922,445639.215571,4635000.357485
2924,445610.854992,4634956.837828
2926,445521.211453,4634820.451827
2928,445509.251091,4634803.077715
2930,445456.149338,4634718.732134
12336,445508.012481,4634720.345024
2932,445388.610574,4634617.920267
5170,445910.746222,4636199.795964
3053,445087.587363,4635797.190811
3054,445130.992742,4635797.489216
8224,445087.68281,4635790.194946
3056,445214.691074,4635798.044135
3058,445224.410006,4635798.169251
4252,445213.762496,4635848.871432
3060,445357.08096,4635799.948299
3062,445366.351771,4635800.077045
3064,445392.004413,4635800.191229
3066,445442.195669,4635800.161924
3068,445493.108791,4635800.116345
14512,445493.916174,4635749.456601
3069,445087.213144,4635834.767533
3070,444885.678972,4635832.993064
12520,444885.054923,4635878.89929
3071,443664.779907,4635824.978957
3072,443464.02245,4635820.895727
20258,443666.941482,4635813.925063
5494,443464.787902,4635742.721551
3073,443063.133674,4635799.839031
3074,443053.382704,4635799.872567
15010,443062.478892,4635829.012989
3076,443006.699393,4635800.678977
12572,443053.967169,4635717.269446
20800,443006.27741,4635851.658232
3085,446694.635078,4635852.791153
3086,446817.588621,4635854.903275
14242,446818.382404,4635764.4829
3341,444081.140324,4635197.731371
3342,444081.528933,4635173.223126
14590,444284.254365,4635200.670209
3344,444081.747068,4635159.775202
3346,444082.611867,4635104.995367
12206,444082.51445,4635004.810211
12248,444001.835049,4635103.420231
3347,444065.94753,4636122.997424
3348,444066.254456,4636105.018588
21102,444083.195584,4636123.472676
3350,444066.545384,4636088.172427
5454,443998.001655,4636014.595762
20562,444067.693355,4636072.674151
3689,444581.814986,4635738.862247
3690,444581.860229,4635732.943787
12554,444531.437001,4635738.432717
3692,444585.352153,4635520.397735
3694,444586.104291,4635474.124068
22958,444667.120123,4635520.939089
16792,444588.304239,4635474.206886
3701,443440.999363,4635400.458705
3702,443429.871125,4635400.613685
4240,443261.773498,4635199.246471
3704,443377.026223,4635398.179939
3706,443335.777966,4635356.403745
3708,443269.259166,4635353.424466
3728,444893.059859,4635389.278146
3730,444776.847906,4635387.635378
12504,444890.796251,4635477.523101
3731,444279.994402,4635389.261336
3732,444272.358235,4635389.165619
3734,444199.590299,4635388.225165
20596,444188.489759,4635392.975549
3735,443058.035566,4635395.648257
12281,443059.372595,4635292.953077
3799,446958.593033,4634703.447898
3800,446896.8356,4634702.808658
16484,446959.686217,4634633.988556
20230,446837.046231,4634662.24996
16943,446422.449056,4634695.822821
3809,444758.516137,4634710.238454
3855,446464.994498,4635086.739867
3856,446328.682423,4635088.043022
3858,446314.14166,4635088.074853
4013,444177.751536,4636084.635147
4014,444179.481675,4636016.324521
21016,444181.394784,4636085.716934
15032,444068.651958,4636015.095435
4081,443471.136514,4635190.487099
4082,443472.137608,4635095.944706
4084,443473.391342,4634997.669579
4236,443270.245051,4635094.718056
4525,443373.843328,4634995.628698
4233,443271.957964,4634842.845667
4234,443271.06973,4634996.068743
4238,443269.354517,4635172.582309
9102,443070.784616,4635196.384215
14578,443288.052317,4635189.099676
15460,443218.415169,4635176.197003
4243,445219.194641,4635691.938957
4244,445217.406568,4635689.287898
4246,445217.129675,4635686.736252
4254,445213.652481,4635855.067962
4291,445362.60836,4635961.193502
4292,445365.639432,4635965.789255
4294,445370.496259,4635968.228055
4296,445436.363915,4635969.466392
4298,445494.760551,4635970.4183
15068,445502.554374,4636020.490386
4436,446104.536579,4636194.107564
22900,446112.904392,4636194.510587
4437,446150.188849,4634694.755161
4438,446150.171389,4634691.346571
7006,446234.781052,4634692.206595
4443,445979.265828,4634671.954704
4444,445974.475231,4634671.768958
12350,445979.039327,4634689.155489
4446,445706.030791,4634666.225776
4584,445974.975131,4634622.755045
4448,445508.114089,4634663.084278
4586,445706.36852,4634617.956973
4588,445509.258525,4634619.5393
4467,445493.992832,4635696.570677
4468,445392.751911,4635696.346778
8280,445494.75784,4635591.560292
4470,445367.685192,4635695.850577
8270,445392.462198,4635736.498784
4472,445358.945348,4635695.717753
8264,445369.246833,4635589.990182
4474,445224.719186,4635693.76184
4476,445221.679119,4635693.418806
4479,446926.02236,4635685.912339
4480,446819.871814,4635683.861588
4484,446575.528025,4635681.959265
9860,446695.814926,4635763.156187
12460,446578.32827,4635513.112034
4491,445397.329068,4635484.714816
14522,445496.260026,4635485.267399
9603,445447.328092,4635434.366614
9604,445448.822942,4635346.705223
8284,445499.784645,4635311.361794
4500,445400.893964,4635223.247702
14532,445500.302824,4635270.6085
4526,443375.4899,4634950.08052
4527,443364.663202,4635775.394867
4528,443364.917299,4635719.675857
4530,443366.376374,4635463.73036
5510,443261.376459,4635719.378399
4532,443366.101994,4635457.403591
16764,443298.634984,4635463.425365
14734,443397.650551,4635457.763538
4583,445979.906857,4634622.939722
4600,444494.986788,4634605.860546
4602,444296.292011,4634604.446438
20672,444292.354375,4634615.702738
4673,443066.85868,4635496.485697
15002,443066.151921,4635564.855165
14912,443057.195057,4635460.776583
4695,443463.491332,4635866.901431
4696,443371.049716,4635865.748191
4724,443463.751573,4635848.456577
4698,443352.848331,4635865.493198
4722,443371.303008,4635847.503246
4700,443288.666227,4635864.593785
4720,443353.04393,4635847.304228
4702,443285.342569,4635864.07618
4704,443282.44388,4635862.733539
4706,443280.299175,4635860.196829
4708,443279.513714,4635857.438329
4710,443279.161712,4635854.920654
4712,443279.6971,4635852.329291
4714,443281.133735,4635849.319925
4716,443283.624185,4635847.334787
4718,443287.062514,4635846.618998
4925,445705.008823,4634719.462991
4971,444985.320615,4635743.495645
4972,444985.277501,4635738.988005
12536,444936.38512,4635742.852251
4974,444989.528191,4635543.613424
5089,443621.553742,4635723.613646
5090,443532.267243,4635625.51156
12081,443464.983123,4635722.356324
5092,443465.919988,4635626.03781
5094,443466.569884,4635559.434339
12086,443466.381171,4635488.596024
5172,445910.829795,4636194.410197
5428,445911.483592,4636155.932075
5173,446079.67575,4634863.193038
5174,446084.293675,4634908.581843
5176,446078.0477,4634929.925311
5178,446076.142753,4634961.162315
5180,446069.848529,4634976.121739
9534,446096.369669,4634961.198015
5182,446058.820821,4634984.15521
5184,446025.322331,4634982.987676
5186,446010.323976,4634977.427506
5188,445997.204128,4634978.80382
5190,445991.54303,4634983.099311
5192,445985.954359,4634998.042361
5194,445984.89614,4635100.400993
5196,445990.673004,4635110.29469
5198,446004.241171,4635114.444426
5200,446048.358043,4635108.436398
5202,446061.888605,4635107.623335
5204,446075.456818,4635111.784309
5206,446093.277491,4635113.059573
5208,446105.909035,4635110.798858
5210,446113.907315,4635109.361545
9540,446105.014143,4635104.410104
5212,446132.401264,4635106.379235
5214,446153.052524,4635105.51251
5216,446180.848879,4635106.723708
5218,446195.771866,4635102.358416
5220,446209.914334,4635088.050458
5222,446216.767171,4635052.512459
5224,446213.400869,4634983.69719
5226,446209.717246,4634967.403097
5228,446209.360462,4634963.019974
5230,446208.145081,4634948.250611
5232,446225.905811,4634887.647787
5234,446227.583783,4634826.244798
5236,446225.901793,4634792.536673
5238,446221.691766,4634761.490224
5240,446225.805333,4634740.162989
5242,446222.078807,4634718.195417
5244,446211.31682,4634707.628555
5246,446164.315424,4634710.104253
5248,446128.682751,4634708.963439
5250,446109.153969,4634709.144422
5252,446059.56142,4634705.933295
5254,446021.476663,4634703.234907
5256,446004.422483,4634709.049028
5258,445997.679503,4634718.471345
5260,445992.755975,4634727.02492
5262,445991.39299,4634735.55151
5264,445992.890453,4634744.767033
5266,446001.578874,4634763.154929
5268,446006.041361,4634787.959276
5270,446018.290192,4634806.320213
5272,446033.288898,4634811.880401
5274,446068.926542,4634813.742409
5276,446079.342773,4634819.193036
5278,446084.757155,4634834.918801
5328,446933.402379,4636029.294508
5330,446915.26825,4636029.052129
20182,446928.45392,4636046.774719
22844,446939.463036,4635971.734085
15142,446814.661938,4636028.647927
5424,445407.548792,4634820.122632
5426,445082.315242,4636157.447401
8200,445082.594136,4636145.187113
5430,445911.937443,4636129.369383
5432,445911.971217,4636121.796633
5434,445912.000031,4636115.756184
5436,445912.329979,4636037.908005
18422,445935.477925,4636115.955441
5438,445912.373593,4636027.25955
14314,445779.644725,4636035.796806
9012,445920.880409,4636027.361505
5449,444120.009664,4636146.978355
5450,444100.352444,4636123.959789
20996,444177.781194,4636124.418431
5456,443879.139776,4635881.846212
20754,443954.973204,4636013.546285
5458,443865.410368,4635867.753133
14828,443878.507126,4635928.996294
5460,443824.294102,4635823.064044
15116,443866.055016,4635808.444722
5462,443743.788495,4635728.720797
5464,443738.625719,4635723.365313
14796,443662.681613,4635727.563061
5468,443491.871121,4635457.570695
14740,443514.728123,4635456.612183
5471,443865.726384,4636148.977974
12264,443859.529859,4636135.602781
5473,443461.00814,4636129.073062
5476,443460.998514,4636115.315989
5478,443462.18004,4636017.440991
12407,443664.036352,4636117.082542
5480,443461.825458,4636008.316788
5482,443461.954548,4635999.488538
14992,443469.626686,4636008.377004
5484,443463.027193,4635922.388932
5486,443463.188083,4635906.065619
12274,443664.146651,4635924.337364
5495,443258.666899,4636132.436539
5498,443258.290088,4636118.471419
5500,443258.681145,4636056.100312
5504,443259.217536,4635953.633558
14988,443452.99473,4636008.198133
15016,443060.880091,4635951.874192
5508,443260.261544,4635865.919237
5512,443266.198204,4635463.03962
16900,443278.140849,4635238.921896
5633,446456.940187,4636163.857688
5651,446431.51746,4636165.436775
5652,446431.786483,4636151.555564
5654,446431.649364,4636133.324895
5656,446430.649316,4636112.902254
5658,446427.168998,4636065.028584
5660,446425.427238,4636040.880799
5662,446424.609239,4636025.908535
5664,446424.041698,4636004.516653
5666,446423.856545,4635979.901925
5668,446424.210964,4635957.514911
15200,446438.57236,4635835.647615
19020,446423.19937,4635892.534635
5669,446398.936372,4636146.484211
5670,446437.29725,4636148.327457
5672,446474.320633,4636149.981099
5674,446491.195785,4636150.576014
5676,446506.75619,4636150.692297
5678,446522.722026,4636150.650122
5925,446947.495805,4636153.291498
5951,446395.335904,4636183.008025
5952,446375.635721,4636184.133421
5954,446356.86961,4636184.774392
5956,446339.019885,4636184.78672
5958,446278.135193,4636183.757863
5960,446144.209297,4636182.892855
6393,446132.199696,4636182.650578
5966,446408.611497,4636063.658138
5968,446414.426289,4636058.917671
5970,446420.619179,4636054.796152
5972,446427.908672,4636050.832941
5974,446434.99782,4636047.815028
5976,446442.847191,4636045.468711
5978,446449.21814,4636044.055095
5980,446455.683292,4636043.029395
5982,446461.282739,4636042.754131
5984,446467.921783,4636042.781953
5986,446473.766881,4636043.171054
5988,446480.429862,4636044.175802
5990,446486.007545,4636045.42188
5992,446491.980574,4636047.375607
5994,446499.837219,4636050.414421
5996,446507.791807,4636054.340775
5998,446514.721012,4636058.752282
6000,446520.196799,4636063.008159
6022,446527.415199,4636070.570857
6024,446533.234012,4636077.411248
6026,446537.43045,4636083.697551
6028,446540.294364,4636089.349864
6030,446543.427761,4636096.632347
6032,446545.666551,4636104.13251
6034,446547.192043,4636111.682439
6036,446548.084884,4636118.970637
6038,446548.772071,4636138.662817
6040,446547.874238,4636149.506421
6042,446546.109769,4636157.658417
6044,446542.782663,4636166.57717
6046,446539.336941,4636174.064483
6048,446533.118465,4636183.615629
6050,446522.966463,4636195.361469
6329,446299.940241,4636097.49802
6330,446296.676859,4636088.417876
6332,446296.756347,4636058.238366
6334,446296.834803,4636031.22332
17696,446289.254853,4636043.982711
6336,446296.867503,4636021.252263
14298,446283.129541,4636031.748598
11334,446296.904515,4636007.450519
14494,446306.192895,4636020.959889
6394,446067.363246,4636191.268921
9426,446083.359321,4636182.076362
6396,446036.586237,4636194.777541
6398,446016.743075,4636196.737766
6400,445997.9482,4636197.957277
6402,445979.654533,4636198.517937
6525,446105.570149,4636120.14027
6526,446111.909812,4636120.0923
6528,446129.651801,4636041.079838
6530,446129.845693,4636030.507976
8996,446073.032463,4636040.209209
6532,446131.814215,4635927.598298
15100,446190.980848,4636031.555903
12152,444678.34382,4636142.15327
6535,444477.630337,4636153.041996
6549,444169.997053,4636164.629377
6550,444331.499805,4636142.079972
6722,444338.102699,4636166.156067
6552,444407.605715,4636129.382811
21114,444432.499704,4636129.188545
6561,443895.107762,4636121.132262
6562,443968.221979,4636138.544221
6564,444060.916446,4636153.360359
6566,444110.871945,4636163.76069
6572,443634.220004,4636145.432319
6716,443889.01973,4636160.497426
6574,443758.038381,4636130.263312
6576,443820.202025,4636120.723411
12266,443859.654017,4636120.823152
6724,444499.459523,4636164.230636
6726,444705.323383,4636166.893089
6734,445213.543071,4636175.290281
6736,445262.072716,4636175.350167
6738,445311.749457,4636174.579926
6740,445384.763778,4636173.042552
6742,445458.4023,4636170.657291
6744,445543.385964,4636166.254049
6746,445591.933623,4636163.240412
6748,445640.414257,4636160.138791
6750,445725.52192,4636154.559823
6752,445810.490512,4636148.139077
6754,445859.453359,4636145.135211
6756,445895.733209,4636142.8276
6758,445944.520092,4636139.592487
6760,445969.617484,4636138.880191
6972,445977.413249,4634823.906815
6974,445973.072695,4634823.95083
6976,445751.650923,4634820.259194
14432,445974.171488,4634693.011943
6977,446063.369045,4634693.590875
6978,446063.451644,4634690.248146
14416,446143.447748,4634691.27525
6996,445971.006237,4634959.704829
14446,445975.819007,4634980.353859
16866,445972.794456,4634852.932654
7005,446234.700886,4634695.882402
7008,446235.083926,4634665.245426
7056,446282.799407,4634662.764818
7051,446180.575287,4634616.69124
7052,446179.493738,4634661.412518
7058,446284.608954,4634618.737587
7062,446530.410798,4634641.915773
15224,446525.608211,4634756.260512
7489,445891.005827,4635958.581007
7490,445913.97688,4635937.865321
8563,445914.2344,4635926.97097
9040,445943.173777,4635955.642219
7491,445933.963953,4635888.081563
7492,445994.2864,4635889.034061
18544,445915.31015,4635890.499369
7494,446036.955317,4635889.70997
9028,446005.535701,4635868.829495
7496,446050.923807,4635889.937257
7498,446075.316671,4635890.318814
8378,446075.844369,4635864.654967
7500,446132.111714,4635891.221462
8347,446074.54215,4635967.781686
7502,446150.802656,4635891.513162
7504,446189.661959,4635892.12996
8332,446170.448202,4635866.581983
8334,446152.626316,4635839.646719
8490,446228.537001,4635930.009698
7955,445895.538712,4634957.87919
7956,445884.960097,4634960.546608
8019,443061.572068,4635903.479881
15014,443061.191068,4635936.793238
8023,444382.479981,4635470.692198
8024,444383.103126,4635395.306404
12594,444481.053848,4635473.265397
8026,444384.571036,4635216.563678
14920,444284.351216,4635214.115658
8202,445082.729349,4636139.045898
8204,445082.862924,4636130.539674
21128,445091.161806,4636139.20295
8206,445084.513159,4636025.988585
8208,445084.643734,4636014.939712
14332,444979.166818,4636024.414375
8210,445085.115248,4635974.919484
15054,445144.705879,4636015.598319
8212,445085.14629,4635972.487604
22042,445130.586306,4635973.114506
8226,445089.081312,4635693.862357
8232,445091.509585,4635523.31799
8234,445092.309419,4635480.652662
22832,445135.351755,4635524.079424
8240,445094.71281,4635304.690103
8242,445095.813198,4635264.398595
14664,444895.658922,4635217.777504
8248,445097.454475,4635159.670075
12386,445013.677079,4635115.436357
8266,445370.22253,4635527.83715
8276,445411.079419,4635590.657684
9606,445412.234479,4635528.036949
8272,445392.292069,4635759.772753
8278,445455.035078,4635591.131521
14518,445495.960213,4635536.111994
9615,445499.827879,4635298.570393
8288,446416.79052,4634693.900083
8290,446416.706136,4634698.131084
8293,446911.807159,4636130.284835
8294,446914.029322,4636078.826513
8298,446811.809019,4636187.791187
18149,446913.806355,4636181.400803
18254,446910.096917,4636186.957915
8300,446689.010839,4636186.821741
8318,446812.896062,4636128.890953
8302,446655.395032,4636186.940205
8304,446638.851091,4636187.341722
8306,446623.200934,4636188.524917
8308,446608.371218,4636190.667987
8310,446594.234481,4636193.372162
8312,446579.914398,4636197.077041
8315,446568.592256,4636126.966616
8316,446689.655164,4636127.669408
9633,446568.904746,4636108.888025
8324,446946.543537,4635535.198354
8327,446190.562608,4635839.981818
8328,446190.008586,4635864.413376
8375,446188.836139,4635839.939344
8488,446240.905882,4635917.325132
8335,446098.88229,4635800.025628
8336,446076.04001,4635836.784067
8546,446098.306499,4635836.893117
8558,446144.739213,4635800.800204
8774,446099.247614,4635782.501773
8338,446076.440831,4635799.840176
8366,446053.649915,4635799.535304
8339,446169.287952,4635713.053621
8340,446145.367588,4635712.679263
8383,446191.604696,4635713.173692
8342,446100.043636,4635712.222638
8544,446146.185636,4635674.88838
8778,446145.242509,4635734.553808
8344,446060.651225,4635711.477108
8770,446100.068301,4635733.030131
8876,446096.312526,4635708.286975
8362,446055.604834,4635711.393186
8345,446169.573451,4635678.353498
8389,446170.54149,4635637.330415
8348,446048.482377,4635967.512692
8530,446073.95342,4635991.95815
8350,445993.266171,4635966.809714
8352,445993.677459,4635928.022566
8480,445993.042114,4635991.982726
8357,446061.246193,4635673.876654
8358,446061.206348,4635676.286383
8456,446043.91536,4635656.009375
8858,446069.285557,4635683.431285
8986,446038.922084,4635676.088749
8364,446054.338896,4635755.727357
8786,446100.735007,4635756.430951
8368,446052.733362,4635842.878637
8394,446017.601559,4635842.478604
8373,446192.813786,4635678.777489
8398,446193.71036,4635678.81513
8562,446190.047675,4635801.479289
8894,446174.115684,4635828.070052
8390,446126.452959,4635636.786554
8400,446252.190325,4635638.834619
8540,446170.586804,4635632.344669
8392,446078.961338,4635636.179899
9032,446126.261343,4635649.856645
9036,446078.566693,4635673.945381
8396,446006.012101,4635853.947386
8534,446302.3298,4635639.511295
8401,446088.585131,4635543.660572
8402,446085.679322,4635538.030959
8514,446089.870548,4635504.056305
8404,446080.791071,4635533.637722
8406,446076.440002,4635531.139093
8408,446070.464659,4635528.952555
8410,446064.325356,4635527.033742
8412,446057.990076,4635525.538347
8414,446049.456735,4635524.203947
8416,446040.461524,4635523.25057
8418,446033.654752,4635523.057859
8420,446026.607823,4635522.933595
8422,446020.083994,4635523.937915
8424,446011.735361,4635527.265568
8426,446005.446658,4635530.82189
8428,446000.618983,4635535.521891
8430,445997.677265,4635539.397054
8432,445994.640041,4635544.905134
8434,445993.072189,4635550.468696
8436,445991.836235,4635557.117871
8438,445992.16233,4635562.911348
8440,445993.463404,4635569.230394
8442,445996.469734,4635576.069473
8444,446001.835928,4635584.389617
8446,446008.584358,4635592.221844
8448,446013.493336,4635597.15894
8450,446018.310654,4635600.953089
8452,446024.257333,4635604.838613
8454,446032.137352,4635609.775417
8468,446039.058959,4635613.087296
8458,446043.907093,4635650.535485
18956,446044.232627,4635635.443565
8459,445958.886641,4635609.353656
8460,445968.689122,4635609.523571
12366,445959.565313,4635545.659679
8462,445989.389749,4635609.888443
8988,445967.810713,4635675.339808
8464,446016.991932,4635609.823556
8470,446049.948624,4635616.546782
8472,446036.040271,4635631.996964
8492,446053.280809,4635617.110024
8890,446031.0608,4635631.990275
8475,445912.980664,4636000.107222
8476,445921.213252,4636000.155743
8526,445902.033997,4636000.0016
8478,445970.562607,4636000.924868
9010,445969.863196,4636027.966854
8482,445987.43986,4635991.891968
8484,445987.245634,4636001.297986
9006,445987.140134,4636007.083636
9024,446271.049047,4635917.630648
8522,446255.302888,4635957.854748
8494,446056.858756,4635617.249478
8496,446060.760094,4635617.353176
8498,446064.51111,4635616.236645
8500,446071.856687,4635611.972862
8502,446078.98239,4635602.780863
8504,446082.21739,4635597.082564
8506,446085.272054,4635589.48696
8508,446087.592013,4635582.407671
8510,446088.915074,4635571.904993
8516,446090.106187,4635490.230854
14568,446079.910672,4635503.942929
16514,446109.411451,4635490.406781
8517,446078.983143,4635632.482318
8886,446044.207229,4635632.090546
18950,446259.602077,4635962.319166
8523,445913.074988,4635995.043373
8567,445913.339909,4635982.938698
8568,445924.315823,4635980.334895
9014,445901.486657,4636027.36444
8994,446073.191314,4636029.40444
8536,446314.645846,4635639.551704
14480,446302.821486,4635591.341283
22682,446314.35034,4635686.232391
18954,446172.137541,4635542.129361
8882,446139.447572,4635673.884507
18640,446130.741617,4635837.347252
8547,446147.817988,4635800.78803
8548,446148.640609,4635831.660232
8912,446161.157849,4635814.444241
8550,446151.665032,4635837.633177
8834,446144.988797,4635782.222411
8782,446190.844703,4635757.581726
8904,446174.536121,4635814.520787
8564,445914.438483,4635903.574642
18643,445970.589725,4635927.920078
22742,445901.700849,4635903.693581
8570,445968.060248,4635970.79823
8772,446110.251751,4635744.089742
8814,446105.086002,4635747.970585
8776,446110.586505,4635768.592307
8828,446114.404037,4635769.695968
8780,446136.384838,4635744.069734
8804,446131.644408,4635742.73987
8781,446145.836887,4635757.189046
8798,446144.31721,4635751.571137
8784,446206.032637,4635757.711283
8820,446101.662824,4635760.598791
8787,446124.793224,4635770.661096
8788,446130.911478,4635769.826486
8790,446134.786731,4635768.686844
8792,446139.537573,4635765.908392
8794,446143.972312,4635761.933171
8800,446140.564428,4635746.958311
8806,446127.374313,4635742.150376
8808,446122.002459,4635741.824595
8810,446116.41209,4635742.233293
8816,446101.888244,4635752.003091
8822,446104.161372,4635763.966408
8824,446106.994859,4635766.63198
8830,446119.581832,4635770.700515
8837,446079.049418,4635702.632786
8838,446084.563176,4635700.870031
8840,446087.453106,4635698.927278
8842,446089.275433,4635695.18276
8844,446089.970051,4635689.37045
8846,446088.729061,4635685.49367
8848,446086.549268,4635682.578883
8850,446083.187325,4635680.272625
8852,446079.677794,4635679.299889
8854,446075.596528,4635679.541747
8856,446072.410935,4635680.798336
8860,446067.628931,4635686.042012
8862,446066.576571,4635691.734896
8864,446067.560824,4635695.680237
8866,446069.684885,4635698.906334
8868,446072.94012,4635701.368839
8870,446076.849734,4635702.571714
18994,446139.391812,4635679.680877
8883,446096.6266,4635674.119588
8891,446167.219959,4635830.342835
8892,446170.693685,4635829.883552
8896,446175.865022,4635825.647406
8898,446177.001536,4635822.296709
8900,446176.981736,4635819.676468
8902,446175.887004,4635816.475872
8906,446171.433615,4635812.490112
8908,446167.834558,4635811.740077
8910,446164.850426,4635812.195661
8914,446159.563748,4635816.54372
8916,446158.468649,4635819.883003
8918,446158.771112,4635823.666959
8920,446160.735591,4635827.749247
8922,446163.386207,4635829.283682
8937,446104.125506,4635244.763061
8938,446111.95977,4635244.703798
9022,446104.15733,4635231.416602
8940,446118.398765,4635248.907676
8942,446118.357189,4635262.065451
8944,446117.537552,4635302.931952
19620,446105.757142,4635261.872072
8946,446117.089685,4635361.127964
19576,446130.851234,4635303.119954
8948,446116.554039,4635423.077577
19516,446129.979764,4635361.285857
9016,446115.595174,4635490.51545
8949,446173.17981,4635443.923501
9020,446176.429258,4635232.502414
18970,446040.783504,4635664.360612
12362,445957.585941,4635675.284134
14700,445966.286667,4635755.595312
8989,446284.789515,4636007.575185
8990,446279.620068,4636015.353209
8992,446279.650367,4636021.570858
8998,446087.93423,4636073.87281
14308,445993.60812,4636039.267641
9000,446098.727944,4636117.382899
9002,446099.447074,4636120.29764
9008,445986.777243,4636028.171667
15094,446056.292611,4636029.032755
9018,446115.368036,4635504.374145
16518,446172.916631,4635491.470011
14564,446095.697164,4635504.13435
14628,446023.874987,4635231.247167
18666,446283.896454,4635917.766918
18959,446126.200861,4635652.8328
18759,445946.325234,4635957.56139
9104,443060.56674,4635196.254906
12314,443070.08123,4635248.575931
14874,443061.753633,4635097.602606
9428,446035.016189,4636180.321758
9430,446010.500181,4636179.985702
9432,445982.178624,4636180.100521
9434,445950.159143,4636180.632133
9436,445925.419637,4636181.46392
9438,445888.948957,4636183.750626
9440,445840.485338,4636186.89484
9442,445780.12864,4636190.929359
9444,445754.424582,4636192.590733
9446,445725.546582,4636194.820451
9448,445698.293631,4636197.948374
9518,446349.628943,4636145.622994
9520,446374.400408,4636146.813253
9523,446108.255236,4634826.258084
9525,446106.676714,4634868.851315
9526,446138.860379,4634869.49622
9527,446138.62682,4634897.889214
9528,446105.62164,4634897.250526
9550,446103.450271,4634955.825951
9542,446075.848189,4635073.574752
9544,446077.814042,4634981.302225
9546,446080.002949,4634975.523027
9559,445504.240973,4635073.682541
9560,445606.57901,4635074.044142
14604,445505.118561,4635021.312406
9562,445614.560629,4635070.430137
9564,445625.635733,4635063.250563
9565,445599.057137,4635022.648637
9570,445687.732507,4635157.754984
12378,445504.895114,4635122.310236
9572,445669.616375,4635166.709176
9574,445503.196643,4635163.927506
9575,445601.878284,4635244.294455
9576,445602.281985,4635225.426771
9578,445524.061612,4635243.134731
14650,445591.73992,4635225.207483
9580,445523.696856,4635263.811973
9582,445523.646701,4635267.021227
9590,445605.151396,4635265.354736
9584,445523.436678,4635284.055385
14534,445500.909656,4635266.395685
9586,445583.440438,4635284.97362
9588,445604.863716,4635285.287458
9596,445604.031524,4635325.21038
9592,445605.455752,4635244.344863
9598,445582.874525,4635324.972236
9632,445497.949998,4635434.96734
9626,445499.66368,4635346.538164
9608,445455.372524,4635528.983401
9610,445495.894175,4635529.650341
9616,445563.491784,4635299.515974
9618,445561.967291,4635438.874781
9620,445623.096507,4635439.540453
16368,445623.929121,4635400.750066
9634,446547.398971,4636076.227903
12452,446569.815236,4636026.716442
9636,446536.010332,4636055.916536
9638,446535.181225,4636049.38289
9640,446535.652742,4636027.072729
15140,446508.27175,4636026.534392
9775,446536.921835,4635225.324478
9778,446583.460467,4635225.774827
9784,446888.032155,4635228.727372
15712,446831.640218,4635032.286112
9786,446950.573192,4635229.327315
17709,446888.436784,4635188.374885
9791,446947.084712,4635497.542947
12418,446917.531519,4635516.494415
9829,446934.580901,4636152.943579
9834,446791.42802,4636167.768652
9836,446746.593828,4636166.926789
9838,446727.206135,4636166.57213
15168,446680.665194,4636164.988422
18157,446630.218954,4636179.345374
9839,446892.59239,4636139.777096
9840,446898.763918,4636139.442393
9842,446901.392135,4636139.123008
9844,446904.191548,4636138.391525
9846,446906.656394,4636137.307229
9848,446909.0245,4636135.490836
9850,446910.61676,4636133.125059
9853,446892.876382,4636181.201533
9854,446826.63825,4636181.129486
9857,446523.433533,4635761.294913
9858,446574.002605,4635761.837021
9861,446927.247253,4635765.658428
9868,446947.221287,4635489.136713
19802,446934.837041,4635272.736357
10266,443069.500378,4634872.585404
12298,443073.889649,4634889.027807
10267,443884.133893,4634681.506788
10268,443884.654297,4634649.569334
10269,443883.478778,4634789.081623
10317,444087.764688,4634635.214901
10410,446704.394717,4635283.78336
12470,446583.21783,4635237.690519
10412,446704.283716,4635290.024261
12426,446822.183884,4635508.878053
14244,446699.922189,4635514.621735
11321,444477.877659,4636130.477955
12154,444678.285042,4636132.449358
11329,446288.165637,4635991.982827
11330,446287.980726,4636002.676748
11336,446306.712889,4636007.376571
14458,446297.568179,4635940.281348
12088,443469.86812,4635479.341412
12099,446365.562695,4636025.609006
12100,446345.660613,4636029.733902
15134,446380.334475,4636025.653232
12102,446328.58607,4636030.251165
12104,446305.811662,4636030.933573
17702,446316.129931,4636040.160402
14348,446304.66026,4636060.932405
12108,444703.323185,4635201.491254
12110,444703.328817,4635215.048436
12112,444702.1952,4635297.821832
12178,444687.563906,4635214.52682
12114,444699.625212,4635474.596529
12116,444698.021412,4635591.927348
16800,444795.642341,4635476.061381
12118,444696.273238,4635734.475108
12120,444696.20016,4635740.027369
12122,444694.527815,4635876.290056
12166,444681.744266,4635740.13962
12124,444694.346211,4635892.4469
12164,444679.863015,4635876.181869
12126,444693.092823,4635968.292803
12128,444692.432136,4636008.247943
12130,444692.23727,4636018.420165
12132,444692.036091,4636028.847814
15038,444712.139012,4636018.632063
12134,444690.459055,4636132.465841
12156,444679.381473,4636028.946093
12136,444690.280624,4636142.615731
12190,444612.350995,4635009.254496
12158,444679.522822,4636018.296839
20750,444668.755061,4636028.406846
12160,444679.493447,4636008.104152
12162,444679.668623,4635893.893289
12494,444482.623469,4635873.774779
12168,444681.956768,4635734.37531
12548,444624.210543,4635739.443011
12170,444684.06924,4635572.515925
12172,444685.100665,4635474.487228
12174,444685.641098,4635430.791215
12176,444687.0512,4635268.215645
12180,444687.842567,4635201.245014
14670,444675.201865,4635214.012123
12182,444688.009327,4635162.859337
12184,444690.154594,4635123.814307
12187,444759.046748,4635009.914344
12192,444551.934609,4635008.980501
23066,444611.262337,4635035.766724
12196,444406.759231,4635007.469195
12198,444308.96778,4635006.012239
12200,444294.76515,4635005.80127
12238,444306.58342,4635106.583154
12202,444286.86421,4635005.863048
12204,444278.935854,4635005.603051
12208,443883.581951,4635001.355539
12210,443874.295016,4635001.428692
14854,443882.405163,4635083.774235
12212,443677.463302,4634999.184596
16922,443874.620183,4634943.666254
12226,443090.970399,4634992.863775
12228,443073.586032,4634995.423198
15434,443140.606309,4635050.405123
12306,443073.32689,4635013.890257
15446,443082.284962,4635004.858228
12229,443880.363272,4634933.072789
14850,443884.424808,4634942.922823
12235,444376.547079,4635107.291265
12236,444317.581408,4635106.69705
23048,444317.429863,4635124.474759
12240,444295.104079,4635106.473037
12242,444285.792736,4635106.59026
12244,444277.293324,4635106.52349
12250,443899.74129,4635101.436455
23175,444001.411518,4635125.563733
12252,443882.543862,4635101.383134
12254,443870.99155,4635101.496344
14858,443882.838401,4635138.777066
12256,443848.84946,4635101.693026
16918,443874.24931,4635009.323568
12258,443684.787021,4635100.400857
12260,443676.512275,4635090.961753
12268,443859.776951,4636105.888086
14804,443871.047101,4636120.722254
12270,443859.93981,4636085.489823
12272,443861.758033,4636012.94797
15108,443861.252291,4636001.42661
12275,443047.207479,4636149.524804
12276,443047.744513,4636125.359421
12278,443048.702345,4636063.527805
14978,443060.544003,4636124.713014
12280,443049.72149,4636002.095429
14896,443059.830691,4636002.269984
14898,443050.731369,4635951.955329
14870,443059.7402,4635264.181162
12286,443005.856242,4635902.737417
12288,443051.713717,4635903.558694
20796,443005.448079,4635952.328641
12300,443074.036794,4634963.541678
12302,443073.850814,4634976.622992
12320,443067.303087,4635454.477873
14726,443155.429734,4635455.028802
12331,443064.373488,4636150.10928
12333,445904.709635,4634724.972499
12340,445970.223745,4634689.044675
12342,445974.299971,4634689.158111
12352,445979.059731,4634692.941572
14440,445977.445587,4634820.508949
12353,445950.588308,4635857.72095
12354,445952.814737,4635850.37584
12356,445954.713494,4635838.125533
12358,445955.665071,4635823.539606
12360,445956.842912,4635746.895306
12368,445960.475966,4635531.14069
12370,445963.342615,4635521.747715
12372,445963.566754,4635509.721086
12374,445963.29811,4635498.375499
14576,445963.040065,4635492.803574
12380,445426.656796,4635121.543396
12408,443664.118199,4636018.316947
12410,443664.319018,4636010.132136
12412,443664.300354,4636002.52644
14996,443799.803758,4636012.337313
12421,446525.696358,4635504.446605
12422,446578.491165,4635506.060194
12427,446523.399073,4635513.501966
12464,446581.25525,4635348.96061
14284,446918.02587,4635509.329086
12428,446457.95689,4635513.060858
19222,446513.897602,4635551.224715
14357,446444.077388,4635512.621128
12429,446457.855517,4635503.990193
12454,446571.419275,4635936.323195
17660,446518.969583,4635936.03952
12466,446582.346388,4635299.675844
17650,446598.876688,4635349.217115
12468,446582.586157,4635289.592221
17654,446599.824702,4635299.64474
17670,446600.015368,4635289.650313
15720,446834.866537,4635286.672452
12481,444047.791419,4635390.970275
12482,444090.232228,4635390.692582
12484,444090.811256,4635362.951747
14924,443883.454698,4635208.590398
22732,446318.233236,4634889.771816
12496,444477.186962,4635873.672811
12584,444477.962209,4635737.838923
12506,444890.045914,4635524.285237
12508,444889.997714,4635528.782479
21514,444795.142363,4635522.921528
21504,444939.64188,4635529.653272
12514,444887.142654,4635742.222672
12516,444886.463851,4635786.419394
12542,444705.62935,4635740.231752
12526,444882.648771,4635998.001739
12527,444080.785026,4635791.055518
12528,444081.5675,4635741.672528
12530,444083.271184,4635733.520357
14778,443892.423391,4635730.835088
12531,445060.649324,4635744.479825
12532,445037.675566,4635744.17961
12538,444895.077167,4635742.316733
12550,444584.571022,4635738.962942
22951,444624.148188,4635757.042371
12556,444531.096764,4635738.435366
12558,444484.420135,4635738.010657
12559,443648.753652,4635724.131241
12579,444475.072459,4636019.732296
12580,444477.055575,4635891.950027
15022,444368.780614,4636018.285514
12586,444478.084042,4635732.175242
14768,444379.372589,4635737.031393
12588,444478.651342,4635680.38459
12590,444479.184974,4635631.72536
23002,444460.635172,4635680.513934
12592,444479.898811,4635566.787158
23008,444460.989649,4635631.245411
12596,444481.657245,4635392.017194
16788,444487.062323,4635473.240779
12598,444482.719696,4635320.68075
12600,444482.91853,4635216.262954
12602,444482.945754,4635201.650687
14763,444489.891995,4635201.585458
14300,446270.146459,4636033.400996
14302,446201.078746,4636042.349806
14310,445935.900926,4636038.306421
14316,445648.577732,4636033.709037
15080,445779.696693,4636025.181593
14318,445566.785337,4636032.412782
15078,445648.711215,4636022.926648
14320,445502.421707,4636031.350499
14322,445488.294944,4636031.01447
18306,445501.259179,4636070.298923
14324,445474.95939,4636031.049926
14500,445488.437503,4636020.365244
14326,445253.411955,4636027.808397
14328,445154.393582,4636026.793646
14334,444918.642307,4636026.203486
14336,444827.406903,4636029.352382
14338,444795.802851,4636030.041402
14340,444770.215136,4636029.640188
14342,444703.033069,4636029.017806
14350,446303.585836,4636089.031986
14353,446312.60861,4635222.758762
14354,446461.357741,4635224.59285
22716,446313.121761,4635197.239428
14356,446469.126632,4635224.667712
14396,446463.02365,4635213.243829
14358,446444.048933,4635503.316745
14544,446416.974141,4635511.759024
14360,446443.434536,4635475.685155
14362,446443.008312,4635464.251922
14364,446442.593975,4635453.296043
14366,446442.039116,4635437.999816
14368,446442.131192,4635423.753542
14370,446442.927702,4635408.269502
14372,446444.5903,4635393.178672
14374,446447.056894,4635370.220637
14376,446449.518889,4635349.96075
14378,446451.021771,4635339.012667
14380,446452.782463,4635327.030038
14382,446454.669092,4635311.926426
14384,446455.885222,4635295.95069
14386,446456.648208,4635279.312161
14388,446457.398195,4635265.360737
14390,446458.63311,4635249.673549
14392,446459.954364,4635236.63941
14619,446312.700478,4635234.949534
14398,446464.176731,4635201.021498
14400,446464.879792,4635189.657506
19268,446467.180777,4635174.461961
14434,445970.785398,4634693.059824
14436,445913.018141,4634724.987149
14448,445973.371324,4635115.078172
14450,445973.518511,4635170.60488
14452,445973.610914,4635206.867704
14454,445973.807966,4635218.624653
14632,445973.694958,4635231.083464
14968,445983.827516,4635218.892882
14460,446297.955483,4635917.905179
14462,446298.656552,4635868.900814
18678,446308.487684,4635918.058949
14464,446299.159238,4635835.409326
18752,446279.134813,4635868.492855
14466,446299.354172,4635822.738937
18672,446279.771019,4635835.11139
14468,446300.315563,4635764.228153
14470,446300.445742,4635756.177245
14472,446300.490953,4635753.367758
14474,446300.86631,4635730.503138
17638,446313.345195,4635753.270863
14476,446301.794106,4635674.135562
17674,446290.980858,4635730.311188
14482,446303.319456,4635551.709697
14484,446303.927298,4635507.93574
14486,446304.255893,4635494.276152
14556,446289.629153,4635507.010919
14488,446304.995294,4635449.235427
16526,446317.158874,4635495.078276
14490,446306.077313,4635371.470579
14492,446311.583777,4635337.863685
19160,446360.661091,4635338.282331
22670,446317.599826,4635370.773059
14496,446350.314718,4636021.837672
14502,445488.551572,4636011.415053
18534,445502.84043,4635881.085374
18545,445619.447168,4635750.762226
16362,445622.391917,4635487.490136
14536,445502.304904,4635236.139463
14538,445502.583068,4635223.679367
14540,445502.877491,4635211.174733
14656,445488.779812,4635223.529592
14546,446396.289953,4635511.403884
14548,446378.925826,4635511.101537
17662,446396.24473,4635523.040525
14550,446331.385985,4635509.705211
14552,446317.079549,4635508.780397
22678,446316.217092,4635549.613886
14558,446180.09107,4635505.172849
14560,446172.720731,4635505.084193
16400,446094.914145,4635581.619438
14570,446029.582633,4635501.514902
14572,445977.497283,4635500.466268
14574,445967.707598,4635496.532206
14688,445967.173068,4635509.216287
14678,445963.011752,4635479.224391
16509,445967.846126,4635490.724103
14586,443883.564743,4635195.165519
16912,443870.439968,4635180.02394
14592,444410.852198,4635202.279469
20680,444285.075312,4635150.698533
14594,444441.425995,4635202.040975
14606,445508.842999,4634821.345848
14620,446228.059059,4635233.422732
14622,446210.330928,4635233.367805
14972,446227.668784,4635221.300832
14630,445982.808467,4635231.169805
14634,445966.117106,4635231.029901
16876,445973.746139,4635240.021269
14636,445953.758425,4635230.934889
14686,445966.49508,4635218.491356
14638,445880.428014,4635230.37013
14640,445810.478853,4635229.158619
14642,445788.249828,4635228.772567
16274,445788.285169,4635236.688988
16326,445626.108967,4635314.471445
14652,445515.829778,4635223.766805
14672,444603.825559,4635212.934567
14674,444489.856803,4635216.2422
14680,445962.816892,4635416.336496
14682,445965.734846,4635262.699544
16860,445966.828221,4635208.795609
14690,445966.544308,4635521.512466
14692,445968.695521,4635533.776455
14694,445969.866001,4635549.134616
14702,445966.115641,4635775.71589
14704,445965.627604,4635832.813049
14706,445964.846707,4635839.270024
14708,445962.931218,4635846.035396
14710,445957.731074,4635860.675763
14712,445956.933931,4635862.802552
14714,445954.550131,4635864.719314
18648,445961.897403,4635862.909238
14716,445951.536842,4635864.608938
14718,445949.810587,4635863.500598
14720,445949.154431,4635861.240492
14723,443057.269929,4635454.569168
14864,443057.537728,4635434.081201
14736,443475.560017,4635458.244167
14746,443569.733906,4635459.496167
14748,443714.060535,4635460.763796
14754,443803.681305,4635461.38866
14760,443870.180228,4635460.964318
14762,443884.647754,4635465.413839
14836,443870.419071,4635454.411426
14783,444091.384764,4635467.752236
14810,443884.555856,4635474.819148
15130,443870.461682,4635468.245935
14938,444550.25455,4635200.482497
14770,444289.34693,4635736.158241
20480,444376.748394,4635878.153877
14772,444280.414404,4635735.795076
14774,444276.258354,4635736.016345
17294,444276.116307,4635728.467145
14780,443881.187268,4635730.923602
14782,443866.960196,4635730.591566
14824,443881.063308,4635738.363864
14790,443857.364631,4635730.34519
15122,443867.079007,4635724.605891
14784,444087.948697,4635720.437139
16774,444212.446804,4635468.868375
14786,444086.125969,4635727.169007
14792,443759.151682,4635728.943686
14799,443873.430014,4636012.411846
14800,443873.835795,4636022.834757
14802,443871.339125,4636109.338949
14806,443870.660884,4636135.948084
14812,443884.00982,4635514.018476
14814,443882.336934,4635640.888094
14816,443882.127271,4635656.412312
14818,443881.520985,4635717.452535
14820,443881.372565,4635724.948507
14830,443878.425006,4635935.425818
14832,443874.536682,4636002.254603
14838,443871.966573,4635341.133394
14844,443870.155984,4635224.040063
14846,443870.307214,4635208.471902
14860,443883.601033,4635178.698889
14880,443063.407215,4634987.754346
14882,443063.678981,4634969.831253
14884,443064.224875,4634933.241122
14886,443066.31877,4634888.866231
14892,443040.709954,4636002.200799
14976,443060.243177,4636115.110943
16928,443883.141388,4635234.141794
14940,444566.121089,4635200.192473
23098,444550.385632,4635165.072789
14954,445490.117258,4635210.672773
14962,445957.779488,4635218.346501
14970,446028.74859,4635220.528827
18614,446227.365013,4635211.84308
21082,443072.269412,4636123.619974
15019,444482.972964,4636019.759538
15024,444357.651786,4636018.239206
20576,444359.024217,4635964.465809
15040,444793.931066,4636018.741554
15042,444882.054888,4636015.627413
15044,444951.043487,4636013.761467
15046,444986.426692,4636013.488082
15048,445008.612037,4636013.894135
15050,445037.628104,4636014.425196
15056,445226.178689,4636016.292608
15058,445351.510728,4636018.216751
15060,445419.566077,4636019.105038
15062,445436.986624,4636019.337975
15064,445477.324207,4636020.172724
15070,445514.175806,4636020.934436
15072,445530.709207,4636021.274319
15074,445560.537451,4636021.679161
15076,445635.564472,4636022.693881
18436,445561.323429,4635957.306917
18450,445649.255223,4635977.853926
15082,445867.08395,4636026.693146
18510,445779.763407,4636019.773746
15102,446199.883106,4636031.27769
15110,443863.904258,4635924.103728
15112,443865.147281,4635888.074455
15118,443866.82524,4635737.687709
15124,443867.210915,4635718.175976
15126,443869.427302,4635550.785713
15128,443870.512596,4635474.707717
16750,443861.555612,4635468.127356
15136,446441.654109,4636025.858067
15138,446465.471559,4636025.934385
18870,446440.279397,4636003.062129
15160,446779.574292,4636148.404166
20896,446782.020294,4636139.247839
15162,446816.094797,4636149.408244
15164,446864.882881,4636150.754007
15170,446644.903926,4636164.523414
15172,446608.183419,4636164.509912
15174,446583.507538,4636164.983626
15176,446558.366424,4636166.493529
15178,446534.342326,4636168.672439
15180,446509.65941,4636171.522579
15182,446449.386714,4636177.949111
15184,446421.600273,4636180.800687
15202,446443.981132,4635785.708519
15204,446450.651034,4635724.678816
15206,446457.324366,4635665.192465
15208,446462.97084,4635617.028149
15210,446468.17924,4635569.089201
15212,446472.755192,4635483.359253
19176,446477.65243,4635438.165187
19291,446523.979189,4634834.484549
15266,446429.600899,4636198.583589
15371,443001.943603,4634941.722448
15436,443136.637439,4635063.727592
15462,443126.865903,4635073.787562
15700,446928.896778,4635034.592199
15702,446911.240564,4635034.224091
15704,446889.5832,4635033.763716
15706,446880.128373,4635033.567723
23416,446891.264248,4634933.044096
15708,446871.976444,4635033.350923
15710,446852.335459,4635032.831212
23420,446854.223135,4634932.06562
15713,446929.518167,4635135.838729
15714,446904.568844,4635135.735935
15716,446897.115649,4635135.713761
15718,446878.43266,4635135.630975
15743,446877.873576,4635129.661557
15722,446872.689494,4635287.012077
15724,446875.643794,4635284.747175
15726,446875.969008,4635262.69355
15729,446877.981299,4635125.186116
15730,446927.419902,4635126.016819
15746,446878.400914,4635106.884716
15732,446927.697069,4635107.516625
15734,446927.991912,4635089.160643
15736,446928.290095,4635070.138438
15738,446928.580808,4635051.227322
15740,446928.749782,4635041.599487
15748,446878.828003,4635088.472227
15750,446879.276351,4635069.571035
15752,446879.73325,4635050.703089
15754,446879.967144,4635040.886012
16083,445732.550645,4635304.888183
16084,445733.008821,4635300.754245
16244,445731.047078,4635306.887136
16085,445741.742213,4635314.144989
16086,445739.127869,4635315.230823
16093,445741.999081,4635311.911258
16088,445737.132055,4635315.801192
16090,445735.307475,4635315.970537
16092,445733.121981,4635315.60967
16254,445733.365504,4635318.161586
16094,445745.452139,4635309.79753
16232,445741.509975,4635309.805346
16095,445726.155819,4635351.171264
16096,445724.577779,4635348.840479
16166,445726.061298,4635352.926314
16098,445723.118546,4635346.852993
16100,445721.545665,4635345.199473
16102,445719.763103,4635344.346993
16104,445717.416723,4635343.56543
16106,445713.400226,4635343.618242
16107,445822.099583,4635298.099766
16108,445827.185556,4635302.258157
16308,445821.607676,4635301.079205
16110,445829.756996,4635304.259413
16112,445831.96193,4635306.085804
16114,445832.792473,4635307.256444
16116,445844.126496,4635325.424185
16118,445829.586253,4635334.195346
20918,445848.544023,4635326.811833
16120,445818.708141,4635315.957541
16122,445814.430869,4635309.006064
16136,445786.969536,4635327.735379
16123,445763.259001,4635342.017112
16124,445768.894247,4635350.734757
16144,445758.59416,4635343.029723
16126,445768.965001,4635353.48785
16128,445768.151156,4635356.691811
16129,445749.037369,4635330.489084
16130,445750.797962,4635327.366738
16216,445746.904912,4635328.37348
16132,445752.558543,4635325.332521
16134,445754.869559,4635323.649421
16138,445769.806289,4635338.625159
16196,445789.670681,4635331.512171
16140,445766.144413,4635340.562812
16146,445754.483149,4635343.749433
16148,445750.150266,4635344.759522
16150,445745.923748,4635345.568943
16204,445750.123211,4635341.206655
16152,445742.923776,4635346.146959
16154,445740.485919,4635347.520135
16156,445738.271795,4635348.847195
16158,445735.493358,4635349.090425
16160,445732.04102,4635349.116723
16162,445729.255817,4635348.471739
16168,445725.175168,4635354.265468
16170,445723.744697,4635356.052903
16172,445718.776086,4635360.765272
16174,445716.227807,4635362.894327
16176,445713.798929,4635365.4444
16178,445711.706492,4635368.580388
16180,445708.847085,4635372.355113
16182,445706.316668,4635376.826843
16184,445704.678891,4635380.814326
16186,445703.373155,4635384.810383
16188,445702.064967,4635388.484461
16190,445701.204832,4635392.144021
16192,445700.434462,4635395.603037
16193,445784.159996,4635323.892793
16198,445792.583813,4635333.699571
16200,445794.373971,4635335.551313
16202,445804.49785,4635349.55334
16206,445750.438511,4635339.016893
16208,445750.9734,4635336.236982
16210,445750.956491,4635334.01644
16212,445750.388459,4635332.444089
16218,445745.113724,4635326.388517
16220,445743.428054,4635324.091857
16222,445742.291718,4635322.001978
16224,445741.719455,4635319.874493
16226,445741.366527,4635317.123549
16234,445740.475676,4635308.036687
16236,445739.153451,4635306.603322
16238,445737.132676,4635304.986521
16240,445734.462626,4635304.207417
16246,445730.509487,4635309.311763
16248,445731.307348,4635311.637389
16250,445731.996477,4635313.85281
16256,445733.500453,4635321.713632
16258,445733.299979,4635324.812994
16260,445732.317799,4635327.707348
16262,445731.678582,4635330.954397
16264,445731.699473,4635333.696766
16266,445732.169603,4635336.580057
16268,445732.077946,4635339.800728
16270,445731.108212,4635343.239051
16276,445788.531124,4635239.562884
16278,445789.032912,4635242.246077
16280,445789.785023,4635245.105018
16282,445791.453656,4635248.43443
16284,445793.736329,4635251.748066
16286,445796.580967,4635254.746534
16288,445801.84819,4635259.814003
16290,445805.517209,4635263.172613
16292,445807.961628,4635265.929856
16294,445810.119043,4635269.144521
16296,445812.889882,4635273.353821
16298,445818.022067,4635283.585387
16300,445819.499718,4635286.905154
16302,445820.974894,4635290.991072
16304,445822.006087,4635294.536302
16310,445820.4024,4635304.108483
16312,445818.196607,4635306.534686
16315,445622.925825,4635445.448742
16316,445787.994507,4635447.15525
16318,445800.849518,4635440.539765
16320,445859.624086,4635441.525171
16322,445866.492249,4635450.877517
16324,445865.520931,4635491.245586
16824,445874.244239,4635491.356954
16328,445628.898001,4635314.527882
16330,445631.234238,4635315.06522
16332,445633.510013,4635316.380255
16334,445635.248226,4635319.031796
16336,445635.21614,4635321.352642
16338,445634.752596,4635323.687884
16340,445633.242455,4635325.908977
16342,445630.587823,4635327.150605
16344,445628.247529,4635327.168466
16346,445625.345274,4635326.413382
16348,445623.310339,4635325.118718
16350,445622.297519,4635322.905778
16352,445622.170988,4635320.464005
16354,445622.564833,4635317.696263
16356,445623.991982,4635315.475802
16359,445620.760373,4635564.038054
16360,445621.32916,4635537.441162
16818,445708.442709,4635489.176607
16370,445624.25127,4635359.232153
20922,445675.74677,4635401.409552
16372,445624.444305,4635351.902463
16374,445625.08407,4635349.821253
16376,445626.410023,4635348.478729
16378,445628.07471,4635348.02189
16380,445629.931968,4635347.785648
16382,445631.828352,4635348.326343
16384,445632.947182,4635349.206073
16386,445634.074485,4635351.196074
16388,445634.312959,4635353.081825
16390,445633.6925,4635355.518195
16392,445632.484427,4635357.081884
16394,445630.823978,4635358.093859
16396,445628.489625,4635358.888909
16402,446089.754441,4635606.052543
16404,446089.479904,4635619.123263
16407,445893.068633,4635149.563886
16408,445893.063103,4635147.742979
16446,445893.020887,4635154.205447
16410,445885.775545,4635147.676192
16412,445883.442648,4635147.582878
16414,445880.648239,4635146.826871
16416,445878.082831,4635145.62499
16418,445875.287441,4635143.647624
16420,445870.916714,4635139.694729
16422,445868.670613,4635136.824924
16424,445868.086869,4635134.275589
16428,445865.325217,4635136.739309
16426,445868.082939,4635123.9273
16430,445862.216416,4635137.207066
16432,445859.330142,4635138.561401
16434,445855.785255,4635140.620253
16436,445852.93291,4635143.16239
16438,445851.919682,4635145.25752
16440,445851.438413,4635148.547769
16442,445851.495179,4635153.832531
16443,445908.979397,4635149.620722
23384,446929.932166,4634817.026126
16486,446959.899292,4634620.241073
16510,445977.197403,4635489.376295
16520,446217.389386,4635492.222237
16522,446291.527183,4635493.472738
16528,446417.116666,4635502.020323
16776,444271.221151,4635469.785162
20485,444224.656754,4635509.366787
16778,444279.753846,4635469.918277
16780,444284.146238,4635470.183714
17302,444279.776738,4635462.234549
16782,444289.922786,4635470.216261
16794,444620.190741,4635474.303133
22985,444620.638203,4635436.847934
16820,445791.730813,4635490.996172
18590,445707.635678,4635539.003524
18564,445791.174778,4635531.349998
16826,445917.329991,4635491.962399
18596,445873.677382,4635532.532495
16828,445953.818502,4635492.651464
16862,445967.896934,4635146.164638
16878,445973.179061,4635300.949632
16880,445972.443175,4635359.314408
19528,445983.886298,4635301.079403
16882,445971.607811,4635417.691047
16884,445971.131979,4635453.436338
19600,446011.606666,4635418.298275
16886,445967.938675,4635466.817888
16902,443277.457654,4635236.50679
16904,443260.616896,4635218.675562
16906,443258.782988,4635212.46115
16908,443258.980712,4635209.150756
16914,443870.611554,4635112.258532
16930,443885.029539,4635304.2116
16932,443886.49393,4635377.382602
16934,443886.147537,4635394.517884
16936,443884.932351,4635455.18536
17296,444277.626396,4635621.274219
17298,444279.615108,4635479.768075
17304,444279.973776,4635395.112986
17631,446393.392903,4635764.959395
17632,446370.412046,4635764.788177
17764,446400.165764,4635770.604442
17634,446313.171626,4635764.375518
17640,446370.512189,4635753.839526
22688,446312.129188,4635834.16791
17642,446374.628702,4635753.875154
17644,446393.642453,4635754.009619
17680,446375.368747,4635727.610173
17651,446394.125399,4635727.75768
17655,446341.981584,4635708.797155
17656,446369.254017,4635709.080314
17754,446342.162125,4635689.797973
17668,446369.509985,4635690.169393
17657,446378.814493,4635522.771985
17665,446369.027733,4635727.524673
17750,446341.55579,4635727.187502
17682,446375.933682,4635690.209859
17676,446286.739769,4635730.265444
17678,446283.80975,4635730.198712
17720,446286.340026,4635720.175517
17760,446396.715264,4635690.342131
17689,446307.786392,4635937.317443
17690,446319.701418,4635944.777912
22698,446307.50376,4635988.994564
17692,446339.637149,4635984.744093
17698,446279.13226,4636036.49767
17704,446310.095693,4636049.910215
17707,446284.056094,4635712.242744
17708,446281.051046,4635712.132165
17724,446286.797419,4635704.893863
18742,446280.84978,4635712.955331
17710,446903.701164,4635188.583103
17732,446888.615943,4635176.781682
17712,446927.454245,4635188.561562
17714,446927.015545,4635208.772872
17716,446903.610346,4635208.691893
17726,446286.889024,4635697.231864
17728,446285.801504,4635697.184548
17734,446888.776827,4635166.076882
19811,446897.152939,4635169.667437
17736,446884.679134,4635154.138051
17738,446879.909138,4635141.0828
17743,446396.117443,4635727.798206
17766,446402.492072,4635777.570941
17768,446400.847935,4635833.688513
17770,446386.362073,4635882.707772
17772,446382.905088,4635888.696291
17774,446378.796318,4635890.78134
17776,446324.855434,4635889.788598
17778,446320.340263,4635889.700487
17780,446310.562995,4635889.518802
18147,446914.142184,4636139.61644
18150,446913.862489,4636171.118693
18151,446914.205491,4636148.110021
18158,446556.046589,4636183.576781
18844,446608.730155,4636182.093513
18160,446541.54851,4636184.573857
18162,446530.736957,4636185.843075
18164,446520.913397,4636188.281845
18166,446514.821648,4636190.392813
18168,446508.486552,4636193.249538
18170,446503.679359,4636196.239136
18172,446498.966449,4636199.627749
18220,446320.672111,4636199.092863
18222,446317.917829,4636189.287155
18224,446317.258497,4636184.384442
18226,446316.727842,4636177.837463
18228,446316.714768,4636170.598175
18230,446317.165947,4636164.399104
18232,446318.350635,4636156.42907
18234,446320.600407,4636147.740394
18236,446323.628756,4636139.956327
18238,446328.046152,4636131.495592
18240,446343.140106,4636108.242477
18256,446908.32992,4636184.805936
18258,446906.744793,4636183.674109
18260,446904.295359,4636182.371072
18262,446899.144283,4636181.554518
18293,445144.163292,4636140.171351
18294,445161.538507,4636119.462977
18617,445251.228681,4636142.145581
18296,445251.778101,4636120.778453
18297,445273.719171,4636142.361349
18298,445275.121792,4636070.023155
18300,445478.090152,4636158.170698
18340,445478.984,4636144.850908
18308,445500.852626,4636078.984872
18310,445500.108263,4636085.819142
18312,445499.112015,4636093.354853
18314,445498.071023,4636099.380847
18316,445495.497848,4636114.478921
18318,445494.817245,4636120.9685
18320,445494.325712,4636127.223461
18322,445493.141945,4636144.953506
18324,445492.633995,4636157.737378
21144,445581.747655,4636146.45221
18342,445480.534767,4636126.285298
18344,445481.248464,4636119.78436
18346,445482.439027,4636112.702397
18348,445485.083543,4636097.170742
18350,445486.084819,4636091.37822
18352,445487.026197,4636084.264855
18354,445487.700029,4636077.975188
18356,445488.078472,4636069.955656
18359,445686.483479,4636076.956185
18360,445732.911276,4636077.723728
18375,445686.803983,4636058.044705
18362,445758.664834,4636078.149339
18374,445733.148922,4636058.812883
18382,445758.352609,4636097.082957
18363,445698.921904,4636114.912587
18364,445697.857397,4636111.345418
21160,445701.273965,4636114.295073
18366,445697.412192,4636107.373806
18368,445697.392402,4636096.070728
18388,445686.171446,4636095.889808
18369,445732.458608,4636114.157326
18370,445732.673801,4636096.656779
21166,445901.285969,4636115.659903
18378,445758.985529,4636059.237864
18393,446060.097603,4636113.966837
18394,446060.101947,4636095.912742
18420,446079.50168,4636114.264042
18396,446060.102087,4636077.303512
18402,446079.49769,4636096.198908
18398,446060.101555,4636058.605461
18410,446079.506263,4636077.600718
18399,445971.073622,4636094.544526
18406,445971.07353,4636075.935293
18403,445935.692828,4636075.393228
18404,445954.084491,4636075.675572
18415,445954.083765,4636056.988621
18411,445971.069504,4636112.598622
18424,445954.07609,4636116.125182
18433,445503.317398,4635956.4403
18434,445547.122775,4635957.09347
18476,445547.031297,4635964.666668
18438,445576.063549,4635957.527374
18470,445561.55208,4635938.362821
18440,445649.490285,4635958.632203
18513,445575.828685,4635976.749101
18442,445664.388061,4635958.851639
18454,445649.71917,4635939.688112
18444,445733.947127,4635959.898018
18516,445664.152959,4635978.073361
18446,445772.216623,4635960.472614
18462,445734.184618,4635940.964971
18456,445649.952542,4635920.244336
18472,445561.785212,4635918.91904
18457,445733.478326,4635998.574611
18458,445733.720135,4635979.119672
18522,445771.747614,4635999.149203
18532,445771.98123,4635979.694329
18464,445734.418221,4635921.5212
18504,445772.445918,4635941.539633
18466,445734.649598,4635884.356478
18538,445780.546198,4635884.950746
18492,445529.980881,4635918.44047
18473,445547.409475,4635938.148929
18478,445546.576098,4636001.733198
18480,445528.972703,4636001.468081
18482,445529.419512,4635964.401612
18485,445772.687923,4635922.095801
18494,445529.739537,4635937.884316
18506,445529.592033,4635950.065842
18512,445780.955761,4635938.754525
20742,445781.380155,4635892.028343
18514,445640.640209,4635977.71981
18526,445575.595605,4635996.203985
18518,445663.911425,4635997.539407
18528,445640.407037,4635997.185793
18540,445805.411265,4635885.216751
18542,445900.503006,4635888.024736
22756,445926.553198,4635880.432088
18546,445618.874154,4635794.191861
18552,445709.493861,4635752.318221
18548,445618.345577,4635833.657257
18554,445788.936908,4635753.101087
18559,445710.218096,4635705.789616
18556,445870.892909,4635753.676984
18576,445788.509021,4635796.107658
18558,445914.996433,4635754.097001
20310,445916.455414,4635533.084753
18560,445715.899759,4635705.379904
18562,445789.155202,4635706.543039
22060,445716.987709,4635637.963112
18572,445789.134562,4635710.373855
18566,445791.064126,4635539.711667
20304,445793.183903,4635531.445743
18568,445789.891551,4635625.549539
20322,445750.196497,4635539.367681
18586,445749.099524,4635625.260509
20311,445829.321997,4635710.88977
18578,445787.965627,4635851.195568
18580,445708.484636,4635795.207099
18579,445707.178078,4635850.25643
18588,445706.249275,4635624.965194
18602,445632.614791,4635624.272131
18592,445706.918964,4635583.255871
20326,445641.955427,4635537.8167
18598,445871.434835,4635711.413488
18604,445615.376286,4635624.092827
18606,445633.551638,4635582.827236
18607,445615.898695,4635582.728815
18616,446229.117897,4635090.004029
18621,446859.425052,4635920.855726
18622,446850.220761,4635920.713439
18624,446846.434291,4635920.408595
18626,446843.646932,4635919.430096
18628,446841.745824,4635918.222918
18630,446839.736922,4635917.027647
18632,446836.942092,4635916.16024
18634,446833.935651,4635915.84958
18667,446134.102939,4635837.388452
18644,445970.505717,4635934.349559
18646,445970.409195,4635942.41133
18650,446000.855465,4635863.39102
18652,446000.970775,4635854.518565
18654,446001.323359,4635852.861492
18656,446002.125313,4635851.367562
18658,446006.953411,4635845.657147
18660,446007.716401,4635844.496615
18662,446007.970922,4635843.040146
18664,446008.334908,4635822.085355
18674,446239.807912,4635834.524633
18679,446285.075111,4635771.438103
18680,446285.11119,4635767.41842
18682,446265.010043,4635767.248034
18684,446264.974562,4635771.345437
18686,446261.986806,4635771.323563
18688,446260.343473,4635771.302651
18690,446260.378448,4635767.138632
18692,446257.365711,4635767.105845
18694,446257.512817,4635750.30537
18696,446260.467472,4635750.338595
18698,446260.495406,4635746.34118
18700,446263.325419,4635746.353139
18702,446265.425255,4635746.381712
18704,446265.396899,4635750.323614
18706,446285.290633,4635750.495566
18708,446285.321177,4635746.842334
18710,446290.499978,4635746.881007
18712,446290.29547,4635771.487565
18715,446277.082086,4635716.259233
18716,446275.620469,4635716.125913
18718,446274.596493,4635715.700606
18720,446273.158523,4635714.301326
18722,446272.608907,4635712.950864
18724,446272.510673,4635712.030027
18726,446272.782018,4635710.595649
18728,446273.215472,4635709.748525
18730,446274.707277,4635708.382665
18732,446276.711738,4635707.867896
18734,446278.732201,4635708.374515
18736,446279.699847,4635709.033418
18738,446280.655166,4635710.258685
18744,446280.549436,4635713.845863
18746,446279.711952,4635715.040237
18748,446278.928204,4635715.656832
18755,446147.846577,4635969.214572
18756,446126.052241,4635968.935253
18758,446089.1523,4635968.381702
18791,446004.977685,4636153.17964
18792,445978.10572,4636152.961486
18794,445952.954967,4636153.196713
18796,445930.449031,4636154.211392
18804,446162.290927,4636129.027003
18806,446239.943491,4636118.558456
18808,446280.031209,4636110.572459
18810,446289.968712,4636107.832707
18812,446302.238306,4636104.020568
18814,446311.058871,4636100.623066
18816,446322.342141,4636094.764277
18818,446332.522644,4636087.925617
18820,446341.771362,4636080.771995
18822,446350.073035,4636073.481175
18824,446358.317829,4636065.247009
18826,446366.858906,4636054.479058
18828,446373.81491,4636043.700845
18830,446383.363173,4636026.71856
18832,446390.044572,4636011.423369
18834,446393.847643,4635999.602989
18836,446396.792483,4635988.421961
18838,446399.102637,4635977.811981
18840,446401.487451,4635964.991875
18846,446590.006269,4636186.153383
18848,446572.870551,4636190.63442
18850,446563.81164,4636193.233945
18852,446555.65904,4636196.070955
18854,446547.123444,4636199.84353
18872,446439.945499,4635976.316677
18874,446440.521328,4635945.844764
18876,446470.570733,4635945.840935
18878,446468.586807,4635977.789067
18880,446466.648164,4636004.718149
18886,446509.449216,4635935.800117
18888,446507.697765,4635957.842306
18890,446504.906345,4635982.845797
18892,446500.683417,4636013.922469
18895,446225.721317,4636194.579464
18934,446243.146232,4636197.65679
18960,446126.044313,4635661.761077
18978,446127.795805,4635661.814451
18967,446115.22574,4635674.267555
18968,446111.947409,4635674.236839
18975,446121.59555,4635661.694795
18980,446128.977232,4635663.304468
18982,446131.558492,4635663.340464
18984,446132.4227,4635662.390144
18986,446138.099644,4635662.447146
18988,446138.07644,4635663.76862
18990,446139.595321,4635663.790445
18996,446121.439551,4635679.472437
18998,446121.475187,4635674.30911
19000,446121.51274,4635668.301914
19017,446444.130956,4635610.263491
19018,446444.230464,4635551.748143
19022,446426.43997,4635826.878388
19024,446428.277984,4635804.235948
19026,446429.437263,4635791.758174
19028,446431.027144,4635779.155026
19030,446432.256513,4635769.374838
20904,446438.168403,4635722.329932
19036,446413.19778,4635836.060535
19038,446414.22927,4635798.878777
19040,446421.449717,4635749.292446
19058,446414.399551,4635763.047005
19042,446423.685589,4635737.617118
19044,446426.388051,4635725.083325
19046,446435.495273,4635692.415422
19048,446451.26529,4635628.652504
19050,446453.65734,4635616.765052
19052,446455.740672,4635602.44829
19054,446459.268139,4635568.267905
19060,446415.344284,4635748.527829
19062,446416.458051,4635735.517435
19064,446417.910221,4635722.260223
19066,446426.387504,4635665.425072
19068,446435.304758,4635608.58663
19071,446520.218464,4635012.399161
19072,446514.935952,4635097.012867
19192,446524.066712,4635097.166394
19074,446513.811938,4635154.0258
19076,446512.67457,4635210.361536
19078,446511.10247,4635267.377845
19080,446510.170072,4635296.841987
19082,446509.05257,4635324.864087
19084,446507.258028,4635354.456842
19086,446505.272682,4635380.742239
19088,446501.02517,4635437.334524
19090,446498.888074,4635467.718198
19092,446497.446553,4635494.576892
19094,446495.931353,4635525.988509
19096,446494.978356,4635551.58886
19098,446493.404788,4635608.372048
19100,446492.267741,4635664.707829
19102,446491.358118,4635721.486041
19104,446490.451856,4635778.708367
19106,446489.542284,4635835.48659
19108,446488.855122,4635892.04108
19110,446487.755285,4635920.174114
19112,446485.671523,4635949.891217
19114,446483.287041,4635977.134535
19116,446480.120343,4636002.984712
19118,446471.004289,4636063.155634
19120,446464.339704,4636111.616323
19122,446460.871367,4636135.958728
19125,446503.972003,4635700.428191
19126,446503.377606,4635721.839895
19128,446501.140171,4635778.628082
19130,446498.444708,4635835.197649
19132,446494.866307,4635892.428953
19134,446492.504702,4635922.725513
19136,446489.058642,4635951.16486
19138,446485.13165,4635977.442673
19141,446516.575011,4635492.212585
19142,446516.549527,4635608.198236
19144,446516.086145,4635664.751019
19146,446514.729883,4635721.754646
19148,446512.932172,4635778.539526
19152,446466.760389,4635236.699298
19162,446365.748816,4635338.310645
19594,446360.357893,4635354.229007
19164,446378.929134,4635338.433494
19672,446366.105628,4635297.514299
19166,446396.383717,4635338.568618
19586,446377.299763,4635408.641059
19168,446414.211832,4635338.712078
19584,446394.987293,4635408.874353
19170,446431.583423,4635338.847913
19580,446430.89322,4635409.303771
19173,446355.089384,4635463.547739
19178,446482.346309,4635381.358568
19180,446486.600432,4635324.555261
19182,446489.946709,4635267.314649
19184,446493.30627,4635210.729041
19186,446495.555566,4635154.384949
19188,446497.522864,4635096.954855
19190,446499.286445,4635012.389762
19308,446499.843598,4634983.794509
19194,446524.455034,4635126.787161
19196,446524.939377,4635153.720204
19198,446526.202504,4635185.999207
19200,446527.813692,4635210.469958
19202,446529.063052,4635240.917018
19204,446529.288979,4635268.806892
19206,446528.593426,4635297.769602
19208,446527.273761,4635325.404599
19210,446524.600547,4635355.148288
19212,446521.971625,4635380.83893
19214,446519.134067,4635410.794821
19216,446517.277514,4635437.656623
19218,446516.477289,4635465.931723
19224,446512.104776,4635558.932789
19226,446510.758247,4635566.39324
19228,446509.526984,4635573.730688
19230,446508.595936,4635580.155409
19232,446507.868809,4635587.211488
19234,446507.246352,4635594.944086
19236,446506.531474,4635608.051393
19238,446504.957837,4635664.834583
19244,446537.512996,4635351.653753
19246,446533.324445,4635380.753715
19248,446524.621933,4635437.601487
19254,446546.574801,4635354.827927
19256,446544.681161,4635383.399909
19258,446541.875689,4635409.902412
19260,446537.974668,4635437.501266
19262,446532.252794,4635471.287245
19270,446469.906696,4635159.485291
19272,446473.426421,4635141.904479
19274,446476.864091,4635124.446423
19276,446480.041419,4635104.369939
19278,446482.296596,4635085.277478
19280,446483.860367,4635065.846008
19282,446485.133807,4635040.909468
19284,446485.932162,4635012.390124
19326,446489.174233,4634926.881254
19285,446541.590428,4635012.416424
19286,446546.485454,4635058.636158
19288,446548.566647,4635082.703662
19290,446550.139715,4635105.420374
19292,446525.637866,4634852.00425
19320,446521.674582,4634926.637238
19294,446528.617763,4634870.835331
19296,446532.913965,4634893.64263
19298,446535.202031,4634910.979958
19300,446536.364474,4634926.526994
19302,446539.238745,4634983.276733
19304,446540.436285,4634999.078885
19310,446501.639893,4634926.787643
19312,446504.34939,4634813.424553
19314,446505.259327,4634756.635322
19322,446520.540405,4634983.41706
19328,446490.974665,4634906.903951
19330,446493.532485,4634886.099315
19332,446497.496733,4634862.474979
19334,446500.793624,4634840.609983
19346,446477.464581,4634855.252821
19348,446479.633236,4634859.988754
19350,446482.992255,4634864.082858
19352,446486.933193,4634867.195499
19354,446492.794466,4634870.715648
19356,446502.759322,4634874.693535
19358,446512.055629,4634878.065772
19360,446525.121733,4634882.764333
19362,446533.563511,4634886.187425
19364,446539.942474,4634890.125653
19366,446544.194449,4634893.768952
19368,446547.657892,4634897.407065
19370,446550.727792,4634901.692125
19372,446553.245126,4634906.447671
19374,446555.111635,4634911.852092
19376,446556.211488,4634915.741109
19378,446557.008705,4634921.331205
19380,446557.295328,4634926.347758
19501,445985.906056,4635359.489903
19502,446012.408404,4635359.821971
19504,446030.892858,4635360.059428
19506,446049.444122,4635360.351943
19595,446031.598436,4635310.777432
19508,446067.820098,4635360.512594
19566,446050.313421,4635301.986176
19510,446085.964208,4635360.741666
19568,446068.789808,4635302.234898
19512,446104.348984,4635360.968965
19524,446086.901207,4635302.508636
19572,446105.253105,4635302.758395
19518,446149.045211,4635361.53033
19578,446149.709446,4635303.377102
19519,446084.351912,4635463.52644
19520,446085.038897,4635419.418748
19612,446102.853277,4635463.841674
19614,446103.29946,4635419.702498
19526,446087.521241,4635261.610329
19638,446069.434719,4635261.347502
19530,445985.593474,4635301.843694
19562,446012.754735,4635301.482364
19532,445987.146,4635303.008877
19534,445988.919685,4635304.882999
19536,445990.865914,4635307.621874
19538,445992.557062,4635310.65137
19540,445994.090311,4635314.747985
19542,445994.868491,4635317.7733
19544,445995.143634,4635321.224355
19546,445994.725892,4635339.470321
19548,445994.05146,4635343.561465
19550,445992.795769,4635347.612603
19552,445991.087429,4635352.166823
19554,445989.073008,4635355.757373
19556,445987.397462,4635358.06847
19564,446031.729147,4635301.738319
19648,446032.415004,4635260.806193
19664,446050.841873,4635261.077452
19654,446131.488454,4635262.265939
19652,446150.5628,4635262.554766
19582,446412.807351,4635409.073385
19588,446359.205673,4635408.421973
19590,446341.675901,4635408.198683
19592,446342.96957,4635354.071266
19596,446013.329122,4635310.471721
19602,446010.955181,4635462.649987
19640,446029.991719,4635418.580894
19604,446029.405753,4635462.832175
19606,446047.914667,4635463.047279
19608,446066.2825,4635463.2635
19682,446048.575858,4635418.850949
19632,446066.943048,4635418.967248
19668,446013.224542,4635260.529665
19674,446345.455849,4635297.403311
19676,446345.05636,4635327.007817
19690,446346.242094,4635260.745274
19804,446925.665277,4635272.615924
19806,446925.964813,4635254.892792
19816,446901.352456,4635165.205911
19818,446904.206722,4635159.533049
20184,446926.26603,4636062.757618
20186,446925.663429,4636077.662785
23403,446837.080504,4634656.831287
20260,443664.087021,4635790.885839
20262,443664.481262,4635785.120047
20264,443666.191748,4635775.790751
20266,443671.870562,4635762.443948
20268,443673.55297,4635749.561783
20270,443672.062168,4635735.250164
20306,445832.404271,4635532.346565
21510,445748.983887,4635622.063623
20486,444227.400222,4635518.450093
20488,444228.10844,4635519.865783
20490,444228.442219,4635522.217091
20492,444228.22046,4635523.573441
20494,444226.730437,4635526.183302
20496,444224.939789,4635527.49642
20498,444223.300646,4635528.02001
20500,444221.217672,4635528.03632
20502,444219.137172,4635527.308683
20504,444218.043783,4635526.5178
20506,444216.559089,4635524.508608
20508,444216.021491,4635522.62524
20510,444216.113811,4635520.637009
20512,444216.846001,4635518.754801
20514,444217.82381,4635517.503563
20516,444220.49221,4635515.939296
20518,444221.606277,4635515.131128
20520,444222.932025,4635513.799443
20522,444224.25247,4635511.790493
20525,444219.941027,4635443.427324
20526,444227.860688,4635443.698418
20568,444206.93255,4635442.985127
20528,444229.238636,4635443.732044
20530,444231.102521,4635444.350346
20532,444232.639147,4635445.570794
20534,444233.664724,4635447.239378
20536,444233.980818,4635448.391657
20538,444233.963007,4635450.357097
20540,444233.263565,4635452.18353
20542,444231.955792,4635453.692726
20544,444230.236946,4635454.638868
20546,444228.29729,4635454.942741
20548,444226.343946,4635454.558312
20550,444224.667893,4635453.549922
20552,444223.225115,4635451.595917
20554,444222.753817,4635449.700926
20556,444222.641753,4635447.048092
20558,444222.170541,4635445.164204
20564,444068.481396,4636025.078741
20570,444208.01304,4635450.604699
20578,444353.786441,4635949.428307
20580,444352.370712,4635939.235341
20582,444353.41172,4635930.144626
20584,444355.577906,4635923.798764
20586,444358.026465,4635922.791433
20588,444365.36124,4635922.623104
20590,444367.83168,4635925.479589
20592,444369.888327,4635931.670327
20598,444182.979893,4635399.447585
20600,444181.26468,4635409.331944
20602,444183.829701,4635423.168886
20604,444189.400637,4635439.325096
20606,444191.449152,4635441.263245
20608,444194.020352,4635442.120271
23179,444263.195483,4635150.447743
20690,444291.784454,4634704.178933
21466,444281.169674,4634805.158369
20718,446267.0362,4636199.719388
20739,444630.670368,4636020.630643
20746,444667.904933,4636018.320465
20756,443883.838854,4636012.707347
20815,443105.052399,4636123.047121
20816,443105.239839,4636055.092578
20898,446803.041847,4636138.357974
20900,446826.767868,4636138.469487
20906,446439.651189,4635709.827522
20908,446441.053318,4635695.427049
20910,446441.965474,4635682.085077
20912,446442.775651,4635665.11308
20914,446443.782303,4635637.84681
20920,445865.386592,4635353.431801
20924,445693.226053,4635401.53166
20926,445692.841284,4635439.241592
20928,445675.320938,4635439.164214
20995,444177.341561,4636101.14913
20998,444174.499718,4636100.67175
21000,444172.274658,4636099.478919
21002,444170.072693,4636096.997913
21004,444168.99134,4636093.497712
21006,444169.405722,4636090.252268
21008,444170.780125,4636087.732124
21010,444172.336881,4636086.243168
21012,444175.934872,4636084.727109
21018,444184.262593,4636088.448105
21020,444185.362134,4636091.093203
21022,444185.55722,4636092.690565
21024,444185.123101,4636095.53644
21026,444184.175495,4636097.453652
21028,444181.101733,4636100.20918
21146,445595.347678,4636146.303896
21148,445609.434482,4636145.78548
21150,445693.347983,4636141.381104
21152,445692.516683,4636124.865629
21154,445693.380526,4636120.617555
21156,445696.535041,4636116.407533
21162,445707.727439,4636113.934981
21259,445799.883145,4636134.795821
21260,445817.35547,4636134.24095
21262,445835.904736,4636134.532891
21264,445875.429055,4636135.464894
21266,445897.064199,4636136.699536
21461,444460.766653,4634807.364792
21462,444298.537955,4634805.744291
21471,444459.540546,4634707.566084
21485,445368.934429,4635764.593068
21486,445373.255935,4635762.13939
21668,445370.670988,4635758.372965
21488,445377.142397,4635760.310839
21490,445380.807061,4635759.86081
21493,445370.928622,4635733.532748
21494,445375.28412,4635735.509056
21678,445368.658958,4635728.675775
21496,445381.182656,4635736.329887
21499,445040.382683,4635531.418001
21500,445037.857571,4635739.803474
21760,444936.565261,4635738.242955
21517,445357.259754,4635779.983064
21662,445363.014779,4635776.163771
21519,445223.889991,4635717.596057
21520,445224.426298,4635702.080519
21606,445219.903946,4635720.502484
21576,445218.421285,4635701.449393
21523,445098.639892,4635734.538075
21524,445100.846768,4635735.531473
21526,445104.112165,4635736.039269
21528,445108.063851,4635736.21978
21530,445111.883019,4635736.434624
21532,445117.234918,4635736.315663
21534,445120.252301,4635736.947514
21536,445123.263265,4635738.900718
21538,445126.215367,4635741.831474
21540,445127.401954,4635743.965285
21542,445127.952469,4635746.481511
21544,445128.104146,4635748.934189
21546,445127.450789,4635751.381965
21548,445127.11919,4635753.582988
21550,445127.357187,4635756.468033
21552,445125.858506,4635757.989638
21554,445124.491575,4635759.376987
21728,445128.292674,4635761.557277
21556,445120.583963,4635756.298146
21558,445112.902361,4635752.40453
21560,445108.352169,4635751.018361
21562,445106.058295,4635750.5808
21564,445103.637463,4635750.899248
21566,445101.783749,4635751.579737
21568,445100.37396,4635752.789767
21570,445099.109009,4635754.48723
21572,445098.389535,4635758.045857
21578,445214.412875,4635700.369883
21580,445210.615101,4635698.622554
21582,445207.486329,4635697.536283
21584,445198.566674,4635695.606292
21586,445186.978401,4635694.152085
21588,445171.621058,4635693.604073
21590,445160.499614,4635694.577956
21592,445151.379734,4635695.747407
21594,445144.266467,4635696.690453
21596,445137.587891,4635696.963955
21598,445130.460943,4635696.13058
21764,445129.547361,4635722.974479
21600,445122.656769,4635694.64733
21602,445112.411293,4635694.060066
21608,445216.591873,4635723.636901
21610,445214.174484,4635727.641605
21612,445211.987987,4635732.532804
21614,445210.484157,4635739.861495
21616,445210.778157,4635748.952898
21618,445211.065325,4635757.156083
21620,445213.020644,4635765.368645
21622,445216.056861,4635769.531265
21624,445219.201211,4635773.726365
21626,445224.680667,4635777.24841
21628,445230.493438,4635779.868523
21748,445224.518956,4635789.674331
21630,445237.295011,4635781.570561
21632,445244.531616,4635782.647473
21634,445251.767642,4635782.569646
21636,445259.219534,4635781.424243
21638,445268.325817,4635779.577727
21640,445277.111708,4635778.155612
21642,445285.453242,4635777.225469
21644,445293.578907,4635777.362918
21646,445303.382951,4635778.8421
21648,445312.740582,4635780.54679
21650,445321.436042,4635782.478643
21652,445329.462427,4635783.738335
21654,445336.370095,4635784.129456
21656,445343.262648,4635783.632429
21658,445350.709525,4635781.832062
21664,445365.981584,4635771.288842
21670,445372.169869,4635750.378146
21672,445372.132403,4635745.49295
21674,445371.638393,4635739.512021
21680,445365.514763,4635724.491713
21682,445361.927473,4635720.96615
21684,445358.790218,4635718.769541
21686,445351.429126,4635716.61644
21688,445344.526285,4635715.781132
21690,445336.506557,4635715.398536
21692,445330.048645,4635715.22603
21694,445323.383494,4635716.165458
21696,445316.497835,4635718.649953
21698,445308.731151,4635722.040593
21700,445300.297187,4635724.99223
21702,445293.635603,4635727.475027
21704,445287.860108,4635728.629723
21706,445282.076086,4635728.674152
21708,445276.949117,4635727.825268
21710,445271.136408,4635725.21622
21712,445262.866798,4635720.394278
21714,445255.935257,4635716.90557
21716,445250.806334,4635714.724315
21718,445245.229526,4635713.656844
21720,445239.219726,4635713.480975
21722,445232.09646,4635714.201943
21724,445227.882783,4635715.566747
21730,445131.084788,4635763.112448
21732,445133.76543,4635764.202138
21734,445135.895037,4635765.940068
21736,445138.592694,4635769.2392
21738,445140.854291,4635774.107268
21740,445143.131191,4635780.962723
21742,445145.608288,4635784.718795
21744,445148.962964,4635787.124601
21746,445152.425523,4635788.45255
21766,445127.123263,4635726.102098
21768,445123.797547,4635727.460123
21770,445118.684158,4635728.376685
21772,445114.905195,4635729.072005
21774,445112.02931,4635730.648637
21776,445110.039821,4635733.095607
22044,445131.634805,4635914.236303
22050,445129.741557,4635847.297507
22262,445472.430108,4636152.684548
22266,445090.444459,4636148.413187
22672,446318.557198,4635417.422077
22690,446311.135776,4635879.632505
22718,446313.593127,4635146.349288
22734,446318.561464,4634862.832663
22739,445857.657428,4635937.260594
22744,445867.369533,4635937.608703
22745,445943.098706,4635865.927651
22746,445950.213961,4635868.538461
22748,445957.549643,4635868.4828
22750,445960.656152,4635866.660487
22758,445935.288579,4635880.01047
22763,446183.981104,4636156.221747
22764,446255.241001,4636157.504605
22766,446289.460285,4636158.156939
22846,446940.253533,4635957.538136
22897,446097.300808,4636194.162323
22902,446113.951562,4636126.71666
22904,446114.256637,4636125.359743
22906,446115.591418,4636124.094964
22908,446113.707546,4636115.304255
22910,446096.125778,4636115.659366
22912,446094.93488,4636123.873761
22914,446096.375242,4636125.594983
22916,446097.911755,4636127.959473
22949,444640.929162,4635757.111794
22950,444639.37895,4635811.785837
22972,444659.270239,4635757.169135
22952,444622.797265,4635811.714871
22980,444530.818282,4635811.375731
22953,444598.770125,4635539.36899
22954,444666.767432,4635539.639931
22964,444666.424336,4635558.507249
22955,444599.270967,4635502.390814
22956,444667.571865,4635503.236783
22966,444599.503013,4635557.839328
22974,444659.064394,4635811.854934
22986,444667.126857,4635437.397167
23022,444620.884221,4635416.182621
22988,444667.37301,4635416.731857
22989,444390.300079,4635629.376371
22990,444391.134664,4635573.630813
23040,444389.949972,4635682.331199
22992,444405.126178,4635573.521604
22994,444404.809895,4635629.762765
22995,444404.991299,4635687.032663
22996,444423.310012,4635687.389367
22998,444423.473417,4635678.549789
23000,444425.470052,4635573.862513
23004,444460.639154,4635681.024659
23006,444460.897903,4635714.210688
23010,444461.390475,4635574.082019
23014,444444.421275,4635630.808337
23012,444444.816181,4635573.966986
23016,444442.625308,4635680.387897
23024,444621.135693,4635395.150855
23026,444667.624619,4635395.700093
23042,444396.097288,4635687.357462
23050,444386.379804,4635125.057647
23052,444387.151801,4635035.758192
23054,444406.250849,4635035.920032
23056,444425.997324,4635036.087977
23058,444425.364921,4635109.297524
23060,444424.787521,4635175.722482
23062,444405.041432,4635175.554545
23068,444610.522015,4635053.704437
23070,444610.347593,4635057.958387
23072,444614.280191,4635067.37679
23074,444616.28448,4635072.168973
23120,444662.880813,4635068.10948
23076,444620.376905,4635075.457071
23078,444623.751192,4635078.184482
23080,444625.912838,4635087.205831
23082,444627.036449,4635091.882725
23084,444626.961523,4635096.124798
23086,444626.390067,4635128.317937
23088,444626.060695,4635146.807626
23090,444625.720682,4635166.06353
23092,444625.380758,4635185.330538
23094,444565.764308,4635185.272302
23096,444565.074985,4635164.947372
23103,444550.459783,4635145.807843
23099,444551.329969,4635053.93169
23105,444551.588703,4635034.920689
23101,444551.048234,4635075.318995
23109,444550.531685,4635127.320151
23107,444550.783281,4635094.596527
23125,444550.601601,4635108.577099
23122,444662.777295,4635087.907607
23145,444021.12039,4635125.197884
23146,444041.77361,4635125.657427
23148,444061.09861,4635126.083044
23150,444098.196309,4635126.902203
23152,444117.836755,4635127.336602
23154,444137.161743,4635127.762426
23158,444115.533477,4635172.290106
23156,444136.153353,4635172.750181
23160,444097.329249,4635171.888859
23162,444097.593853,4635160.128287
23167,444060.138455,4635172.924707
23169,444040.81489,4635172.665634
23171,443982.160329,4635125.026663
23172,443982.549422,4635141.789734
23178,443963.073374,4635124.266285
23204,444000.724576,4635161.710691
23180,444263.444934,4635128.227908
23184,444208.446193,4635149.832557
23182,444208.695473,4635127.612718
23196,444208.17967,4635173.02963
23185,444020.412175,4635172.381782
23198,444262.928783,4635173.644813
23206,444013.523909,4635172.43591
23353,446375.429833,4635212.03725
23354,446335.202634,4635211.007753
23356,446331.156752,4635209.37273
23358,446327.082244,4635205.039815
23360,446327.382188,4635199.685747
23362,446329.450757,4635144.8641
23364,446387.159731,4635145.118001
23366,446386.913378,4635157.600002
23368,446355.648721,4635157.579969
23370,446355.638197,4635176.022687
23372,446375.449367,4635176.040092
23375,446275.367766,4635212.7245
23376,446298.932516,4635213.046486
23378,446299.574822,4635166.130048
23380,446276.009917,4635165.808059
23386,446911.1793,4634816.588454
23388,446894.19472,4634816.204272
23412,446913.286292,4634726.191787
23390,446873.017815,4634815.707045
23398,446896.301414,4634725.796496
23392,446855.767564,4634815.313832
23396,446875.124324,4634725.310363
23394,446857.873854,4634724.917142
23401,446873.648531,4634932.575845
23404,446790.182642,4634656.559556
23413,446837.195731,4634637.788246
23407,446909.710065,4634933.528411
23462,446928.927966,4634934.040333
23432,446932.039312,4634726.618364
23414,446788.886628,4634637.504844
23452,446837.30281,4634619.877804
23445,446837.416467,4634600.623813
23446,446741.304115,4634600.064648
23448,446737.834486,4634600.046168
23450,446737.721098,4634619.300163
